4500.  0.2575254
4501.98627662659  0.3170769
4503.97255325317  0.299378
4505.95882987976  0.2308207
4507.94510650635  0.2698263
4509.93138313294  0.3065754
4511.91765975952  0.303545
4513.90393638611  0.3076659
4515.8902130127  0.2455054
4517.87648963928  0.2460524
4519.86276626587  0.2570387
4521.84904289246  0.2449784
4523.83531951904  0.2511854
4525.82159614563  0.2684055
4527.80787277222  0.3286198
4529.7941493988  0.3192885
4531.78042602539  0.2772248
4533.76670265198  0.2903019
4535.75297927856  0.2767554
4537.73925590515  0.3094188
4539.72553253174  0.3195163
4541.71180915832  0.2946283
4543.69808578491  0.2484714
4545.6843624115  0.2732544
4547.67063903809  0.3026076
4549.65691566467  0.2513098
4551.64319229126  0.3008009
4553.62946891785  0.3274175
4555.61574554443  0.3036478
4557.60202217102  0.3120782
4559.58829879761  0.2975776
4561.57457542419  0.2828781
4563.56085205078  0.2979957
4565.54712867737  0.3251038
4567.53340530396  0.279265
4569.51968193054  0.2807825
4571.50595855713  0.3226331
4573.49223518372  0.3184298
4575.4785118103  0.3302996
4577.46478843689  0.3157797
4579.45106506348  0.3264705
4581.43734169006  0.3111481
4583.42361831665  0.3229305
4585.40989494324  0.3036389
4587.39617156982  0.2926214
4589.38244819641  0.2913122
4591.368724823  0.3027363
4593.35500144958  0.3113498
4595.34127807617  0.3139216
4597.32755470276  0.3175643
4599.31383132935  0.3169664
4601.30010795593  0.311656
4603.28638458252  0.3017847
4605.27266120911  0.3092766
4607.25893783569  0.3353414
4609.24521446228  0.3255065
4611.23149108887  0.3056131
4613.21776771545  0.3008188
4615.20404434204  0.2905701
4617.19032096863  0.3223669
4619.17659759522  0.3369665
4621.1628742218  0.2948046
4623.14915084839  0.3085204
4625.13542747498  0.3407556
4627.12170410156  0.3303417
4629.10798072815  0.3347843
4631.09425735474  0.3129758
4633.08053398132  0.3161359
4635.06681060791  0.3090602
4637.0530872345  0.3380467
4639.03936386108  0.3412801
4641.02564048767  0.3178972
4643.01191711426  0.2987561
4644.99819374084  0.3047062
4646.98447036743  0.358992
4648.97074699402  0.3485897
4650.9570236206  0.3112165
4652.94330024719  0.3075743
4654.92957687378  0.2761925
4656.91585350037  0.2860814
4658.90213012695  0.31339
4660.88840675354  0.3113543
4662.87468338013  0.2926024
4664.86096000671  0.2763757
4666.8472366333  0.2756987
4668.83351325989  0.2502092
4670.81978988647  0.2789536
4672.80606651306  0.2628092
4674.79234313965  0.2956303
4676.77861976624  0.292156
4678.76489639282  0.2869834
4680.75117301941  0.2968112
4682.737449646  0.2502313
4684.72372627258  0.2532865
4686.71000289917  0.2715443
4688.69627952576  0.2466628
4690.68255615234  0.2540571
4692.66883277893  0.2754917
4694.65510940552  0.3025813
4696.6413860321  0.2851523
4698.62766265869  0.276114
4700.61393928528  0.2616637
4702.60021591187  0.2648127
4704.58649253845  0.2710375
4706.57276916504  0.2630627
4708.55904579163  0.2567728
4710.54532241821  0.2465028
4712.5315990448  0.2792302
4714.51787567139  0.24936
4716.50415229797  0.2361695
4718.49042892456  0.2716564
4720.47670555115  0.2505845
4722.46298217773  0.2926785
4724.44925880432  0.2692516
4726.43553543091  0.2613782
4728.4218120575  0.2817672
4730.40808868408  0.2842273
4732.39436531067  0.2829221
4734.38064193726  0.2640088
4736.36691856384  0.2545865
4738.35319519043  0.25319
4740.33947181702  0.2502461
4742.3257484436  0.2609403
4744.31202507019  0.2706704
4746.29830169678  0.2995403
4748.28457832336  0.2753163
4750.27085494995  0.2589121
4752.25713157654  0.2798617
4754.24340820313  0.2677635
4756.22968482971  0.2606045
4758.2159614563  0.2818027
4760.20223808289  0.2977232
4762.18851470947  0.2768861
4764.17479133606  0.2902134
4766.16106796265  0.2968554
4768.14734458923  0.2911783
4770.13362121582  0.3246619
4772.11989784241  0.3289159
4774.10617446899  0.3378278
4776.09245109558  0.2727433
4778.07872772217  0.2652115
4780.06500434876  0.2761147
4782.05128097534  0.2817397
4784.03755760193  0.3139146
4786.02383422852  0.309216
4788.0101108551  0.3175508
4789.99638748169  0.3291756
4791.98266410828  0.3144441
4793.96894073486  0.3016852
4795.95521736145  0.3225985
4797.94149398804  0.3221658
4799.92777061462  0.3128228
4801.91404724121  0.3264381
4803.9003238678  0.3861894
4805.88660049439  0.3901944
4807.87287712097  0.3930728
4809.85915374756  0.398607
4811.84543037415  0.4207911
4813.83170700073  0.4536601
4815.81798362732  0.4823772
4817.80426025391  0.4926695
4819.79053688049  0.4876619
4821.77681350708  0.5006142
4823.76309013367  0.5624066
4825.74936676025  0.5973612
4827.73564338684  0.6155794
4829.72192001343  0.6453828
4831.70819664001  0.718426
4833.6944732666  0.7405644
4835.68074989319  0.7996494
4837.66702651977  0.8338084
4839.65330314636  0.8480333
4841.63957977295  0.8796927
4843.62585639954  0.8577598
4845.61213302612  0.9192783
4847.59840965271  0.9835007
4849.5846862793  0.980826
4851.57096290588  0.9751723
4853.55723953247  1.0227
4855.54351615906  0.9777223
4857.52979278565  0.8610104
4859.51606941223  0.8885581
4861.50234603882  0.914452
4863.48862266541  0.9217004
4865.47489929199  0.9023592
4867.46117591858  0.8639601
4869.44745254517  0.8057033
4871.43372917175  0.716905
4873.42000579834  0.6670356
4875.40628242493  0.6764208
4877.39255905151  0.6294461
4879.3788356781  0.5882555
4881.36511230469  0.5464572
4883.35138893128  0.5324966
4885.33766555786  0.5064854
4887.32394218445  0.5054846
4889.31021881103  0.4679563
4891.29649543762  0.449812
4893.28277206421  0.4537074
4895.2690486908  0.4193272
4897.25532531738  0.4052317
4899.24160194397  0.3821299
4901.22787857056  0.3765425
4903.21415519714  0.3961592
4905.20043182373  0.4099853
4907.18670845032  0.4105169
4909.1729850769  0.3815325
4911.15926170349  0.3755475
4913.14553833008  0.3954502
4915.13181495666  0.3884408
4917.11809158325  0.4129325
4919.10436820984  0.4269005
4921.09064483643  0.402333
4923.07692146301  0.3894483
4925.0631980896  0.3889866
4927.04947471619  0.3962603
4929.03575134277  0.387449
4931.02202796936  0.3595027
4933.00830459595  0.345977
4934.99458122253  0.3208612
4936.98085784912  0.32862
4938.96713447571  0.3224517
4940.95341110229  0.3247201
4942.93968772888  0.3375236
4944.92596435547  0.3233236
4946.91224098206  0.3241075
4948.89851760864  0.305849
4950.88479423523  0.272627
4952.87107086182  0.2638293
4954.8573474884  0.3254487
4956.84362411499  0.3144381
4958.82990074158  0.2853132
4960.81617736816  0.2597601
4962.80245399475  0.2730615
4964.78873062134  0.2703285
4966.77500724793  0.2904745
4968.76128387451  0.2600709
4970.7475605011  0.2351363
4972.73383712769  0.2403439
4974.72011375427  0.2812978
4976.70639038086  0.2987548
4978.69266700745  0.2845348
4980.67894363403  0.306138
4982.66522026062  0.2879277
4984.65149688721  0.3430077
4986.63777351379  0.345252
4988.62405014038  0.3288906
4990.61032676697  0.3256048
4992.59660339356  0.320984
4994.58288002014  0.3721526
4996.56915664673  0.3825956
4998.55543327332  0.4041272
5000.5417098999  0.4106952
5002.52798652649  0.4036142
5004.51426315308  0.4217862
5006.50053977966  0.3953167
5008.48681640625  0.3957524
5010.47309303284  0.419821
5012.45936965942  0.42705
5014.44564628601  0.4265565
5016.4319229126  0.4029175
5018.41819953919  0.4406761
5020.40447616577  0.4560836
5022.39075279236  0.4434025
5024.37702941895  0.4196438
5026.36330604553  0.4034458
5028.34958267212  0.4052375
5030.33585929871  0.4163612
5032.32213592529  0.4008001
5034.30841255188  0.4112215
5036.29468917847  0.4075805
5038.28096580505  0.4120713
5040.26724243164  0.4065734
5042.25351905823  0.4094509
5044.23979568482  0.4146089
5046.2260723114  0.4010236
5048.21234893799  0.4181358
5050.19862556458  0.3511835
5052.18490219116  0.3465087
5054.17117881775  0.3562343
5056.15745544434  0.3186358
5058.14373207092  0.3359463
5060.13000869751  0.3365175
5062.1162853241  0.3305763
5064.10256195068  0.3351462
5066.08883857727  0.3274407
5068.07511520386  0.3133374
5070.06139183045  0.3011673
5072.04766845703  0.274984
5074.03394508362  0.2935898
5076.0202217102  0.2633188
5078.00649833679  0.2552939
5079.99277496338  0.2980659
5081.97905158997  0.3012592
5083.96532821655  0.2750757
5085.95160484314  0.2807888
5087.93788146973  0.2912537
5089.92415809631  0.3183626
5091.9104347229  0.3031722
5093.89671134949  0.3154175
5095.88298797607  0.3444049
5097.86926460266  0.3212256
5099.85554122925  0.3226623
5101.84181785584  0.3115788
5103.82809448242  0.3294154
5105.81437110901  0.3483887
5107.8006477356  0.3586111
5109.78692436218  0.3837145
5111.77320098877  0.3489307
5113.75947761536  0.325078
5115.74575424194  0.3068103
5117.73203086853  0.3646949
5119.71830749512  0.3549589
5121.70458412171  0.3402719
5123.69086074829  0.343333
5125.67713737488  0.3365927
5127.66341400147  0.3136611
5129.64969062805  0.3381794
5131.63596725464  0.3822634
5133.62224388123  0.3611502
5135.60852050781  0.3608059
5137.5947971344  0.3560488
5139.58107376099  0.3692089
5141.56735038757  0.352607
5143.55362701416  0.3863468
5145.53990364075  0.4126253
5147.52618026733  0.3784587
5149.51245689392  0.3750387
5151.49873352051  0.3795523
5153.48501014709  0.4159011
5155.47128677368  0.4085324
5157.45756340027  0.4303855
5159.44384002686  0.4202635
5161.43011665344  0.3699372
5163.41639328003  0.3553001
5165.40266990662  0.379413
5167.3889465332  0.4289741
5169.37522315979  0.4588859
5171.36149978638  0.4638341
5173.34777641296  0.4503922
5175.33405303955  0.4307382
5177.32032966614  0.4390081
5179.30660629273  0.4431204
5181.29288291931  0.4535429
5183.2791595459  0.423411
5185.26543617249  0.4288333
5187.25171279907  0.4283571
5189.23798942566  0.4864347
5191.22426605225  0.493399
5193.21054267883  0.4485007
5195.19681930542  0.4740375
5197.18309593201  0.485844
5199.16937255859  0.4388582
5201.15564918518  0.4175526
5203.14192581177  0.4244925
5205.12820243835  0.429111
5207.11447906494  0.4750689
5209.10075569153  0.4659846
5211.08703231812  0.4512801
5213.0733089447  0.4714803
5215.05958557129  0.4952111
5217.04586219788  0.4679953
5219.03213882446  0.4598919
5221.01841545105  0.4464682
5223.00469207764  0.4504917
5224.99096870422  0.4270157
5226.97724533081  0.4399113
5228.9635219574  0.4248679
5230.94979858399  0.4226398
5232.93607521057  0.4408582
5234.92235183716  0.4477277
5236.90862846375  0.4583334
5238.89490509033  0.4490404
5240.88118171692  0.4593075
5242.86745834351  0.4778359
5244.85373497009  0.5052062
5246.84001159668  0.5202791
5248.82628822327  0.5062777
5250.81256484985  0.4666172
5252.79884147644  0.4964642
5254.78511810303  0.4955066
5256.77139472962  0.4949136
5258.7576713562  0.4753608
5260.74394798279  0.4728467
5262.73022460938  0.4838093
5264.71650123596  0.4726839
5266.70277786255  0.4837757
5268.68905448913  0.478422
5270.67533111572  0.4723496
5272.66160774231  0.4940701
5274.6478843689  0.4970843
5276.63416099548  0.4965658
5278.62043762207  0.4519673
5280.60671424866  0.4648193
5282.59299087524  0.4703311
5284.57926750183  0.4464221
5286.56554412842  0.4427013
5288.551820755  0.4485764
5290.53809738159  0.4747636
5292.52437400818  0.4624869
5294.51065063477  0.4857473
5296.49692726135  0.5046388
5298.48320388794  0.4723857
5300.46948051453  0.4482383
5302.45575714111  0.4390606
5304.4420337677  0.4826594
5306.42831039429  0.5140383
5308.41458702087  0.5146043
5310.40086364746  0.4618675
5312.38714027405  0.474279
5314.37341690064  0.4862095
5316.35969352722  0.4697973
5318.34597015381  0.4895919
5320.33224678039  0.4734531
5322.31852340698  0.5046246
5324.30480003357  0.4868066
5326.29107666016  0.4651557
5328.27735328674  0.4519899
5330.26362991333  0.4588529
5332.24990653992  0.4870087
5334.2361831665  0.4127727
5336.22245979309  0.421593
5338.20873641968  0.4232838
5340.19501304626  0.4491026
5342.18128967285  0.4478971
5344.16756629944  0.4451411
5346.15384292603  0.4789869
5348.14011955261  0.4367537
5350.1263961792  0.4464115
5352.11267280579  0.4626927
5354.09894943237  0.4313896
5356.08522605896  0.425431
5358.07150268555  0.4852129
5360.05777931213  0.4454735
5362.04405593872  0.435661
5364.03033256531  0.4161763
5366.01660919189  0.4080528
5368.00288581848  0.4494791
5369.98916244507  0.4122437
5371.97543907165  0.4266686
5373.96171569824  0.4129116
5375.94799232483  0.4419356
5377.93426895142  0.4164218
5379.920545578  0.3999864
5381.90682220459  0.3906375
5383.89309883118  0.4452113
5385.87937545776  0.4335723
5387.86565208435  0.4422253
5389.85192871094  0.4180827
5391.83820533752  0.4435561
5393.82448196411  0.5020632
5395.8107585907  0.5168212
5397.79703521729  0.4670466
5399.78331184387  0.4146757
5401.76958847046  0.4022368
5403.75586509705  0.4143261
5405.74214172363  0.4254782
5407.72841835022  0.4464654
5409.71469497681  0.4506027
5411.70097160339  0.4160942
5413.68724822998  0.3928061
5415.67352485657  0.4138891
5417.65980148315  0.4625238
5419.64607810974  0.499393
5421.63235473633  0.5182425
5423.61863136291  0.5095106
5425.6049079895  0.4551782
5427.59118461609  0.4165961
5429.57746124267  0.4020315
5431.56373786926  0.3913287
5433.55001449585  0.3800277
5435.53629112244  0.3693253
5437.52256774902  0.3614061
5439.50884437561  0.3608428
5441.4951210022  0.3526927
5443.48139762878  0.3304909
5445.46767425537  0.3139382
5447.45395088196  0.3141172
5449.44022750854  0.3258177
5451.42650413513  0.3330556
5453.41278076172  0.3349049
5455.39905738831  0.3368249
5457.38533401489  0.3400967
5459.37161064148  0.34702
5461.35788726807  0.355757
5463.34416389465  0.3644694
5465.33044052124  0.3628767
5467.31671714783  0.3412509
5469.30299377441  0.3328564
5471.289270401  0.3470827
5473.27554702759  0.3655961
5475.26182365417  0.380993
5477.24810028076  0.3921658
5479.23437690735  0.3906047
5481.22065353394  0.3707527
5483.20693016052  0.3614125
5485.19320678711  0.3636
5487.1794834137  0.3720343
5489.16576004028  0.3921183
5491.15203666687  0.410929
5493.13831329346  0.4074604
5495.12458992004  0.3834488
5497.11086654663  0.3727529
5499.09714317322  0.3707648
5501.0834197998  0.3827705
5503.06969642639  0.4268428
5505.05597305298  0.4678727
5507.04224967956  0.470295
5509.02852630615  0.4402916
5511.01480293274  0.4095923
5513.00107955933  0.3679384
5514.98735618591  0.3504241
5516.9736328125  0.3674029
5518.95990943909  0.3869331
5520.94618606567  0.4006105
5522.93246269226  0.4100323
5524.91873931885  0.4119917
5526.90501594543  0.4067188
5528.89129257202  0.4019218
5530.87756919861  0.4004508
5532.86384582519  0.3917893
5534.85012245178  0.3684337
5536.83639907837  0.3405638
5538.82267570496  0.3236854
5540.80895233154  0.313825
5542.79522895813  0.3048015
5544.78150558472  0.2994594
5546.7677822113  0.293632
5548.75405883789  0.2830281
5550.74033546448  0.2722764
5552.72661209106  0.2636863
5554.71288871765  0.2550123
5556.69916534424  0.2530347
5558.68544197083  0.2628501
5560.67171859741  0.2684045
5562.657995224  0.2662563
5564.64427185059  0.2638907
5566.63054847717  0.263579
5568.61682510376  0.2642179
5570.60310173035  0.2636345
5572.58937835693  0.2632692
5574.57565498352  0.2580015
5576.56193161011  0.2449642
5578.54820823669  0.2316
5580.53448486328  0.2220206
5582.52076148987  0.2151492
5584.50703811645  0.2134536
5586.49331474304  0.2200595
5588.47959136963  0.2243428
5590.46586799622  0.2254628
5592.4521446228  0.2236112
5594.43842124939  0.2188114
5596.42469787598  0.2135844
5598.41097450256  0.2081009
5600.39725112915  0.200488
5602.38352775574  0.1983546
5604.36980438232  0.2032114
5606.35608100891  0.2090223
5608.3423576355  0.2186513
5610.32863426209  0.2295125
5612.31491088867  0.2331825
5614.30118751526  0.2324929
5616.28746414184  0.2359632
5618.27374076843  0.2456138
5620.26001739502  0.250666
5622.24629402161  0.2514266
5624.23257064819  0.2516904
5626.21884727478  0.2528883
5628.20512390137  0.2552788
5630.19140052795  0.2507163
5632.17767715454  0.2286845
5634.16395378113  0.2269329
5636.15023040771  0.2610202
5638.1365070343  0.2970762
5640.12278366089  0.3161817
5642.10906028748  0.325553
5644.09533691406  0.3286192
5646.08161354065  0.3205381
5648.06789016724  0.310583
5650.05416679382  0.3000928
5652.04044342041  0.2904577
5654.026720047  0.2766857
5656.01299667358  0.2668152
5657.99927330017  0.2720727
5659.98554992676  0.2872884
5661.97182655334  0.2977946
5663.95810317993  0.3120956
5665.94437980652  0.3151618
5667.9306564331  0.2880853
5669.91693305969  0.2497693
5671.90320968628  0.2268532
5673.88948631287  0.2140921
5675.87576293945  0.2109489
5677.86203956604  0.2269824
5679.84831619263  0.2352385
5681.83459281921  0.2265729
5683.8208694458  0.2188856
5685.80714607239  0.2231777
5687.79342269897  0.2349015
5689.77969932556  0.2438719
5691.76597595215  0.2564073
5693.75225257874  0.2574547
5695.73852920532  0.2359063
5697.72480583191  0.2110497
5699.7110824585  0.2010639
5701.69735908508  0.2013373
5703.68363571167  0.1993583
5705.66991233826  0.1953936
5707.65618896484  0.1954133
5709.64246559143  0.2019847
5711.62874221802  0.2066963
5713.61501884461  0.2051295
5715.60129547119  0.2017733
5717.58757209778  0.2014701
5719.57384872436  0.205084
5721.56012535095  0.2066116
5723.54640197754  0.205311
5725.53267860412  0.202466
5727.51895523071  0.2007534
5729.5052318573  0.2015619
5731.49150848389  0.2028821
5733.47778511047  0.2033945
5735.46406173706  0.2036571
5737.45033836365  0.20332
5739.43661499023  0.2043241
5741.42289161682  0.2087353
5743.40916824341  0.2099193
5745.39544486999  0.2008861
5747.38172149658  0.1862188
5749.36799812317  0.1820041
5751.35427474975  0.1903733
5753.34055137634  0.1950513
5755.32682800293  0.1970948
5757.31310462952  0.197223
5759.2993812561  0.1909721
5761.28565788269  0.1806901
5763.27193450928  0.1792488
5765.25821113586  0.1909442
5767.24448776245  0.1949376
5769.23076438904  0.1824369
5771.21704101562  0.1754349
5773.20331764221  0.1892523
5775.1895942688  0.2102908
5777.17587089539  0.2159905
5779.16214752197  0.2065909
5781.14842414856  0.2013284
5783.13470077515  0.1985421
5785.12097740173  0.2001264
5787.10725402832  0.2061958
5789.09353065491  0.2138304
5791.07980728149  0.2257438
5793.06608390808  0.2430443
5795.05236053467  0.2397985
5797.03863716125  0.199735
5799.02491378784  0.1792567
5801.01119041443  0.1942396
5802.99746704102  0.2121311
5804.9837436676  0.211951
5806.97002029419  0.2027087
5808.95629692078  0.2038934
5810.94257354736  0.2169661
5812.92885017395  0.2285382
5814.91512680054  0.2410124
5816.90140342712  0.2448812
5818.88768005371  0.2340894
5820.8739566803  0.2185066
5822.86023330689  0.2178775
5824.84650993347  0.2354231
5826.83278656006  0.2465975
5828.81906318664  0.2477241
5830.80533981323  0.2476708
5832.79161643982  0.2551598
5834.77789306641  0.2633434
5836.76416969299  0.2567997
5838.75044631958  0.2313462
5840.73672294617  0.2273817
5842.72299957275  0.2404266
5844.70927619934  0.2781164
5846.69555282593  0.3588933
5848.68182945252  0.4408348
5850.6681060791  0.4787598
5852.65438270569  0.4864361
5854.64065933227  0.4691224
5856.62693595886  0.3982823
5858.61321258545  0.3529247
5860.59948921204  0.3583898
5862.58576583862  0.3789528
5864.57204246521  0.3910498
5866.5583190918  0.4021598
5868.54459571838  0.4123802
5870.53087234497  0.4219439
5872.51714897156  0.4267078
5874.50342559814  0.4279201
5876.48970222473  0.4221127
5878.47597885132  0.4096038
5880.4622554779  0.3971544
5882.44853210449  0.3791333
5884.43480873108  0.3483378
5886.42108535767  0.3226706
5888.40736198425  0.2986227
5890.39363861084  0.2897723
5892.37991523743  0.3121863
5894.36619186401  0.3578284
5896.3524684906  0.3970632
5898.33874511719  0.4369545
5900.32502174377  0.4601483
5902.31129837036  0.4592152
5904.29757499695  0.4534935
5906.28385162354  0.4530089
5908.27012825012  0.4547769
5910.25640487671  0.4516634
5912.2426815033  0.4433022
5914.22895812988  0.4327958
5916.21523475647  0.4181719
5918.20151138306  0.4048691
5920.18778800964  0.395074
5922.17406463623  0.3845169
5924.16034126282  0.3700742
5926.1466178894  0.3536059
5928.13289451599  0.3434429
5930.11917114258  0.3394409
5932.10544776917  0.3392809
5934.09172439575  0.3459399
5936.07800102234  0.3498207
5938.06427764893  0.3463174
5940.05055427551  0.3408598
5942.0368309021  0.3379744
5944.02310752869  0.3369924
5946.00938415527  0.3317684
5947.99566078186  0.3219359
5949.98193740845  0.3136151
5951.96821403503  0.3029852
5953.95449066162  0.2877015
5955.94076728821  0.2799397
5957.9270439148  0.2844519
5959.91332054138  0.2881392
5961.89959716797  0.2896498
5963.88587379455  0.2905738
5965.87215042114  0.2942837
5967.85842704773  0.3016197
5969.84470367432  0.3119599
5971.8309803009  0.3251144
5973.81725692749  0.3252991
5975.80353355408  0.304469
5977.78981018066  0.2928822
5979.77608680725  0.2951999
5981.76236343384  0.3011528
5983.74864006042  0.3072887
5985.73491668701  0.3101136
5987.7211933136  0.3077956
5989.70746994018  0.2970235
5991.69374656677  0.2974575
5993.68002319336  0.3128779
5995.66629981995  0.3237748
5997.65257644653  0.3189441
5999.63885307312  0.3002135
6001.62512969971  0.2832768
6003.61140632629  0.2656672
6005.59768295288  0.2604761
6007.58395957947  0.2734712
6009.57023620606  0.2828974
6011.55651283264  0.2833934
6013.54278945923  0.2807196
6015.52906608581  0.2749186
6017.5153427124  0.2641512
6019.50161933899  0.2622849
6021.48789596558  0.2735122
6023.47417259216  0.2811762
6025.46044921875  0.283638
6027.44672584534  0.2858953
6029.43300247192  0.2876799
6031.41927909851  0.2894919
6033.4055557251  0.2921972
6035.39183235168  0.2972404
6037.37810897827  0.2989293
6039.36438560486  0.2954752
6041.35066223144  0.2908749
6043.33693885803  0.2924674
6045.32321548462  0.3029481
6047.30949211121  0.3053598
6049.29576873779  0.2953428
6051.28204536438  0.2889052
6053.26832199097  0.2890163
6055.25459861755  0.2945127
6057.24087524414  0.3095663
6059.22715187073  0.3296772
6061.21342849731  0.3255166
6063.1997051239  0.2883775
6065.18598175049  0.2712075
6067.17225837708  0.2806759
6069.15853500366  0.293577
6071.14481163025  0.3078068
6073.13108825684  0.3237368
6075.11736488342  0.3325868
6077.10364151001  0.3354718
6079.0899181366  0.3328889
6081.07619476318  0.3202337
6083.06247138977  0.3099431
6085.04874801636  0.3060402
6087.03502464294  0.3067665
6089.02130126953  0.3129123
6091.00757789612  0.3260667
6092.9938545227  0.3314782
6094.98013114929  0.3255979
6096.96640777588  0.3224626
6098.95268440246  0.327672
6100.93896102905  0.3339682
6102.92523765564  0.3299796
6104.91151428223  0.3154602
6106.89779090881  0.3126633
6108.8840675354  0.3240221
6110.87034416199  0.334893
6112.85662078857  0.3462874
6114.84289741516  0.3564861
6116.82917404175  0.3568188
6118.81545066833  0.3485983
6120.80172729492  0.3491263
6122.78800392151  0.359514
6124.77428054809  0.3690925
6126.76055717468  0.3788207
6128.74683380127  0.3862601
6130.73311042786  0.3903965
6132.71938705444  0.3898189
6134.70566368103  0.3850954
6136.69194030762  0.3775525
6138.6782169342  0.3716297
6140.66449356079  0.3647574
6142.65077018738  0.3616737
6144.63704681396  0.3656473
6146.62332344055  0.370674
6148.60960006714  0.374186
6150.59587669373  0.3806076
6152.58215332031  0.3800694
6154.5684299469  0.3705302
6156.55470657349  0.3584032
6158.54098320007  0.3442533
6160.52725982666  0.3315051
6162.51353645325  0.3262601
6164.49981307983  0.3288628
6166.48608970642  0.3276174
6168.47236633301  0.3209562
6170.4586429596  0.3176772
6172.44491958618  0.3188976
6174.43119621277  0.3198914
6176.41747283936  0.3226033
6178.40374946594  0.3298521
6180.39002609253  0.3347433
6182.37630271912  0.3374577
6184.3625793457  0.3380367
6186.34885597229  0.3354492
6188.33513259888  0.3311143
6190.32140922546  0.3272752
6192.30768585205  0.3278116
6194.29396247864  0.3351254
6196.28023910522  0.3481768
6198.26651573181  0.3573084
6200.2527923584  0.3628143
6202.23906898499  0.3688806
6204.22534561157  0.3734586
6206.21162223816  0.3764082
6208.19789886474  0.379658
6210.18417549133  0.38214
6212.17045211792  0.3893692
6214.15672874451  0.4044439
6216.14300537109  0.4170742
6218.12928199768  0.4245691
6220.11555862427  0.4282442
6222.10183525085  0.4291247
6224.08811187744  0.4274699
6226.07438850403  0.4272121
6228.06066513062  0.4275409
6230.0469417572  0.4294298
6232.03321838379  0.4340878
6234.01949501038  0.4399068
6236.00577163696  0.4451507
6237.99204826355  0.4490373
6239.97832489014  0.447759
6241.96460151672  0.4417849
6243.95087814331  0.4320224
6245.9371547699  0.4143915
6247.92343139648  0.3982387
6249.90970802307  0.3926851
6251.89598464966  0.393515
6253.88226127625  0.389081
6255.86853790283  0.3798795
6257.85481452942  0.3827319
6259.84109115601  0.408367
6261.82736778259  0.4181395
6263.81364440918  0.3959475
6265.79992103577  0.3650292
6267.78619766235  0.3555598
6269.77247428894  0.3651763
6271.75875091553  0.3720269
6273.74502754211  0.3803304
6275.7313041687  0.3839152
6277.71758079529  0.3777867
6279.70385742187  0.3694388
6281.69013404846  0.3658451
6283.67641067505  0.3641954
6285.66268730164  0.3654409
6287.64896392822  0.3737856
6289.63524055481  0.3760876
6291.6215171814  0.3678313
6293.60779380798  0.3590491
6295.59407043457  0.3543844
6297.58034706116  0.3517799
6299.56662368774  0.3495156
6301.55290031433  0.3483279
6303.53917694092  0.3462922
6305.52545356751  0.3427453
6307.51173019409  0.3387727
6309.49800682068  0.3366263
6311.48428344726  0.3364217
6313.47056007385  0.3391871
6315.45683670044  0.3481848
6317.44311332703  0.3529593
6319.42938995361  0.3512579
6321.4156665802  0.3490033
6323.40194320679  0.3476418
6325.38821983337  0.3460684
6327.37449645996  0.3476912
6329.36077308655  0.3540695
6331.34704971313  0.357373
6333.33332633972  0.3572398
6335.31960296631  0.3563351
6337.30587959289  0.3550651
6339.29215621948  0.3533968
6341.27843284607  0.3527144
6343.26470947266  0.3541694
6345.25098609924  0.3543874
6347.23726272583  0.3530947
6349.22353935242  0.3520779
6351.209815979  0.3499709
6353.19609260559  0.3474388
6355.18236923218  0.3500093
6357.16864585876  0.3576679
6359.15492248535  0.3639559
6361.14119911194  0.3700177
6363.12747573852  0.3755186
6365.11375236511  0.3805377
6367.1000289917  0.3822721
6369.08630561828  0.378604
6371.07258224487  0.372782
6373.05885887146  0.3742759
6375.04513549805  0.3843524
6377.03141212463  0.3899843
6379.01768875122  0.3900052
6381.00396537781  0.3895734
6382.99024200439  0.3912936
6384.97651863098  0.3936764
6386.96279525757  0.3913194
6388.94907188415  0.3822006
6390.93534851074  0.3780423
6392.92162513733  0.377343
6394.90790176392  0.3818691
6396.8941783905  0.3949172
6398.88045501709  0.4120715
6400.86673164368  0.4247634
6402.85300827026  0.4328766
6404.83928489685  0.4381579
6406.82556152344  0.4384854
6408.81183815002  0.4407534
6410.79811477661  0.4468926
6412.7843914032  0.4537189
6414.77066802978  0.4578362
6416.75694465637  0.4589052
6418.74322128296  0.4610538
6420.72949790955  0.4635408
6422.71577453613  0.4684027
6424.70205116272  0.4770718
6426.68832778931  0.4856159
6428.67460441589  0.4906995
6430.66088104248  0.4965028
6432.64715766907  0.5054908
6434.63343429565  0.5168346
6436.61971092224  0.5224818
6438.60598754883  0.5213054
6440.59226417541  0.5199066
6442.578540802  0.519895
6444.56481742859  0.5237247
6446.55109405517  0.5330123
6448.53737068176  0.5467847
6450.52364730835  0.5603268
6452.50992393494  0.5782803
6454.49620056152  0.5886754
6456.48247718811  0.5824472
6458.4687538147  0.5732588
6460.45503044128  0.5798239
6462.44130706787  0.6016154
6464.42758369446  0.6153033
6466.41386032104  0.6182789
6468.40013694763  0.6255026
6470.38641357422  0.6413996
6472.3726902008  0.660948
6474.35896682739  0.6803939
6476.34524345398  0.7009581
6478.33152008057  0.7184519
6480.31779670715  0.7288731
6482.30407333374  0.7450019
6484.29034996033  0.7688354
6486.27662658691  0.8020466
6488.2629032135  0.8381124
6490.24917984009  0.8793748
6492.23545646667  0.9411541
6494.22173309326  1.021024
6496.20800971985  1.106259
6498.19428634644  1.199678
6500.18056297302  1.302691
6502.16683959961  1.409006
6504.15311622619  1.521072
6506.13939285278  1.640116
6508.12566947937  1.76144
6510.11194610596  1.90138
6512.09822273254  2.070062
6514.08449935913  2.232743
6516.07077598572  2.379894
6518.0570526123  2.523519
6520.04332923889  2.669206
6522.02960586548  2.811056
6524.01588249206  2.949013
6526.00215911865  3.086826
6527.98843574524  3.217963
6529.97471237183  3.330309
6531.96098899841  3.438365
6533.947265625  3.560255
6535.93354225158  3.687526
6537.91981887817  3.81855
6539.90609550476  3.968286
6541.89237213135  4.094546
6543.87864875793  4.186371
6545.86492538452  4.256115
6547.85120201111  4.315771
6549.8374786377  4.36402
6551.82375526428  4.384614
6553.81003189087  4.370378
6555.79630851745  4.339921
6557.78258514404  4.267477
6559.76886177063  4.234808
6561.75513839721  4.293764
6563.7414150238  4.391976
6565.72769165039  4.437931
6567.71396827698  4.45256
6569.70024490356  4.393637
6571.68652153015  4.237424
6573.67279815674  4.068764
6575.65907478332  3.899873
6577.64535140991  3.720226
6579.6316280365  3.540514
6581.61790466308  3.361214
6583.60418128967  3.190752
6585.59045791626  3.027588
6587.57673454284  2.871684
6589.56301116943  2.727762
6591.54928779602  2.59025
6593.53556442261  2.44888
6595.52184104919  2.306128
6597.50811767578  2.185445
6599.49439430237  2.089887
6601.48067092895  1.996422
6603.46694755554  1.904633
6605.45322418213  1.816626
6607.43950080871  1.72927
6609.4257774353  1.644332
6611.41205406189  1.574213
6613.39833068847  1.521728
6615.38460731506  1.46466
6617.37088394165  1.403503
6619.35716056824  1.341794
6621.34343719482  1.273678
6623.32971382141  1.202587
6625.315990448  1.145721
6627.30226707458  1.1047
6629.28854370117  1.064814
6631.27482032776  1.028208
6633.26109695434  0.9920989
6635.24737358093  0.9529517
6637.23365020752  0.916153
6639.21992683411  0.8894268
6641.20620346069  0.8685334
6643.19248008728  0.8386071
6645.17875671387  0.7938226
6647.16503334045  0.7633628
6649.15130996704  0.7501111
6651.13758659363  0.7388796
6653.12386322021  0.7252162
6655.1101398468  0.7141808
6657.09641647339  0.6981471
6659.08269309997  0.6708845
6661.06896972656  0.6560917
6663.05524635315  0.6634175
6665.04152297973  0.6693932
6667.02779960632  0.6591555
6669.01407623291  0.6388417
6671.0003528595  0.6233368
6672.98662948608  0.6126431
6674.97290611267  0.6034604
6676.95918273926  0.5970954
6678.94545936584  0.5865526
6680.93173599243  0.5701743
6682.91801261902  0.5533742
6684.9042892456  0.5440216
6686.89056587219  0.5427752
6688.87684249878  0.5348237
6690.86311912537  0.5184537
6692.84939575195  0.5045012
6694.83567237854  0.4936929
6696.82194900513  0.4819361
6698.80822563171  0.4709944
6700.7945022583  0.4632097
6702.78077888489  0.4553563
6704.76705551147  0.4476484
6706.75333213806  0.4391634
6708.73960876465  0.4300256
6710.72588539123  0.4207582
6712.71216201782  0.4123489
6714.69843864441  0.4057391
6716.684715271  0.4022363
6718.67099189758  0.4035016
6720.65726852417  0.4009581
6722.64354515076  0.3929288
6724.62982177734  0.3853465
6726.61609840393  0.3810274
6728.60237503052  0.3780824
6730.5886516571  0.3745022
6732.57492828369  0.3713461
6734.56120491028  0.3684032
6736.54748153686  0.3654374
6738.53375816345  0.3613265
6740.52003479004  0.3557104
6742.50631141663  0.3503146
6744.49258804321  0.3503185
6746.4788646698  0.3572729
6748.46514129639  0.3593176
6750.45141792297  0.3565321
6752.43769454956  0.3523307
6754.42397117615  0.3452682
6756.41024780273  0.3362977
6758.39652442932  0.3307279
6760.38280105591  0.3269676
6762.36907768249  0.3250985
6764.35535430908  0.3245743
6766.34163093567  0.3291379
6768.32790756226  0.340058
6770.31418418884  0.3484555
6772.30046081543  0.3468732
6774.28673744202  0.3375542
6776.2730140686  0.3314928
6778.25929069519  0.3267395
6780.24556732178  0.3263894
6782.23184394836  0.332083
6784.21812057495  0.337207
6786.20439720154  0.3403508
6788.19067382812  0.3429081
6790.17695045471  0.3450242
6792.1632270813  0.3483899
6794.14950370788  0.3489077
6796.13578033447  0.3432832
6798.12205696106  0.3385836
6800.10833358764  0.3414887
6802.09461021423  0.3481798
6804.08088684082  0.3511132
6806.06716346741  0.3521936
6808.05344009399  0.3517452
6810.03971672058  0.3482798
6812.02599334717  0.3448876
6814.01226997375  0.3447081
6815.99854660034  0.3461941
6817.98482322693  0.3435232
6819.97109985351  0.335833
6821.9573764801  0.3334814
6823.94365310669  0.3384502
6825.92992973328  0.3406217
6827.91620635986  0.3378181
6829.90248298645  0.3342269
6831.88875961304  0.3317759
6833.87503623962  0.328559
6835.86131286621  0.3250229
6837.8475894928  0.3202757
6839.83386611938  0.3180847
6841.82014274597  0.3196542
6843.80641937256  0.3234577
6845.79269599915  0.3269903
6847.77897262573  0.3279385
6849.76524925232  0.3227838
6851.75152587891  0.3098751
6853.73780250549  0.3036883
6855.72407913208  0.3051578
6857.71035575867  0.3077905
6859.69663238525  0.3121456
6861.68290901184  0.3175113
6863.66918563843  0.3144645
6865.65546226501  0.3000981
6867.6417388916  0.2930299
6869.62801551819  0.2948584
6871.61429214477  0.2954776
6873.60056877136  0.2931398
6875.58684539795  0.290958
6877.57312202453  0.2900473
6879.55939865112  0.292524
6881.54567527771  0.2941629
6883.53195190429  0.2955031
6885.51822853088  0.2937505
6887.50450515747  0.2900366
6889.49078178406  0.2870227
6891.47705841064  0.2869511
6893.46333503723  0.2895281
6895.44961166382  0.2925485
6897.4358882904  0.2985719
6899.42216491699  0.2989418
6901.40844154358  0.2897925
6903.39471817016  0.281674
6905.38099479675  0.2793127
6907.36727142334  0.2790835
6909.35354804992  0.2817954
6911.33982467651  0.2896095
6913.3261013031  0.2933393
6915.31237792969  0.2907644
6917.29865455628  0.2898535
6919.28493118286  0.2940758
6921.27120780945  0.3010361
6923.25748443603  0.3043163
6925.24376106262  0.3035607
6927.23003768921  0.3034337
6929.21631431579  0.3025338
6931.20259094238  0.3038667
6933.18886756897  0.3112277
6935.17514419555  0.3202013
6937.16142082214  0.3213568
6939.14769744873  0.3140084
6941.13397407532  0.3146504
6943.1202507019  0.3239828
6945.10652732849  0.3343057
6947.09280395508  0.3432898
6949.07908058166  0.3514646
6951.06535720825  0.3611607
6953.05163383484  0.3714454
6955.03791046142  0.3790894
6957.02418708801  0.3845622
6959.0104637146  0.3894588
6960.99674034118  0.392691
6962.98301696777  0.3942452
6964.96929359436  0.3951716
6966.95557022095  0.3960305
6968.94184684753  0.3983943
6970.92812347412  0.4028074
6972.91440010071  0.4046726
6974.90067672729  0.4029297
6976.88695335388  0.4019747
6978.87322998047  0.4035619
6980.85950660705  0.4052991
6982.84578323364  0.4050414
6984.83205986023  0.4042351
6986.81833648682  0.3997989
6988.8046131134  0.3877986
6990.79088973999  0.3808549
6992.77716636658  0.3860922
6994.76344299316  0.3944698
6996.74971961975  0.3928972
6998.73599624634  0.3829405
7000.72227287292  0.3787094
7002.70854949951  0.3806024
7004.6948261261  0.3811385
7006.68110275269  0.3786536
7008.66737937927  0.3757813
7010.65365600586  0.3759003
7012.63993263244  0.3787525
7014.62620925903  0.3854314
7016.61248588562  0.3993271
7018.59876251221  0.4067616
7020.58503913879  0.4036993
7022.57131576538  0.401536
7024.55759239197  0.4066131
7026.54386901855  0.4143747
7028.53014564514  0.4181709
7030.51642227173  0.4173611
7032.50269889831  0.4222559
7034.4889755249  0.4345613
7036.47525215149  0.4475436
7038.46152877808  0.4585441
7040.44780540466  0.4656021
7042.43408203125  0.4654006
7044.42035865784  0.454301
7046.40663528442  0.4549405
7048.39291191101  0.4703993
7050.3791885376  0.4859495
7052.36546516418  0.4959598
7054.35174179077  0.5042551
7056.33801841736  0.5113131
7058.32429504394  0.5148277
7060.31057167053  0.5098343
7062.29684829712  0.4946359
7064.28312492371  0.4786079
7066.26940155029  0.4612671
7068.25567817688  0.4447756
7070.24195480347  0.4330284
7072.22823143005  0.42637
7074.21450805664  0.4169725
7076.20078468323  0.4036834
7078.18706130981  0.3928537
7080.1733379364  0.3863829
7082.15961456299  0.3822133
7084.14589118957  0.3787462
7086.13216781616  0.3754509
7088.11844444275  0.3709045
7090.10472106934  0.3658823
7092.09099769592  0.3600293
7094.07727432251  0.3521046
7096.0635509491  0.3437179
7098.04982757568  0.3379484
7100.03610420227  0.3349093
7102.02238082885  0.3314148
7104.00865745544  0.3276477
7105.99493408203  0.324695
7107.98121070862  0.321971
7109.9674873352  0.3205925
7111.95376396179  0.3222408
7113.94004058838  0.32555
7115.92631721497  0.326812
7117.91259384155  0.3264047
7119.89887046814  0.3284129
7121.88514709472  0.3353749
7123.87142372131  0.3362972
7125.8577003479  0.3280817
7127.84397697449  0.3192966
7129.83025360107  0.3155141
7131.81653022766  0.3142751
7133.80280685425  0.3132845
7135.78908348083  0.3130733
7137.77536010742  0.3136949
7139.76163673401  0.3149002
7141.7479133606  0.3157463
7143.73418998718  0.3176732
7145.72046661377  0.3227985
7147.70674324035  0.3326503
7149.69301986694  0.3504176
7151.67929649353  0.362217
7153.66557312012  0.3664401
7155.6518497467  0.3659438
7157.63812637329  0.3630653
7159.62440299988  0.360097
7161.61067962646  0.3636453
7163.59695625305  0.3738011
7165.58323287964  0.3837228
7167.56950950622  0.3958837
7169.55578613281  0.4049467
7171.5420627594  0.4065268
7173.52833938598  0.4040895
7175.51461601257  0.4044661
7177.50089263916  0.4065645
7179.48716926575  0.4088034
7181.47344589233  0.4124363
7183.45972251892  0.4141516
7185.44599914551  0.4141971
7187.43227577209  0.4099879
7189.41855239868  0.398372
7191.40482902527  0.3825932
7193.39110565185  0.3800958
7195.37738227844  0.3923523
7197.36365890503  0.4032214
7199.34993553161  0.4145956
7201.3362121582  0.419888
7203.32248878479  0.4133438
7205.30876541138  0.398803
7207.29504203796  0.3926639
7209.28131866455  0.3937418
7211.26759529114  0.3974279
7213.25387191772  0.4052951
7215.24014854431  0.4131346
7217.2264251709  0.4185918
7219.21270179748  0.4183251
7221.19897842407  0.408769
7223.18525505066  0.3891386
7225.17153167725  0.3863469
7227.15780830383  0.4062556
7229.14408493042  0.4166071
7231.13036155701  0.4107056
7233.11663818359  0.4004851
7235.10291481018  0.3949482
7237.08919143677  0.3940566
7239.07546806335  0.3957515
7241.06174468994  0.4001728
7243.04802131653  0.404646
7245.03429794311  0.41454
7247.0205745697  0.4266494
7249.00685119629  0.4308631
7250.99312782287  0.4284388
7252.97940444946  0.4305841
7254.96568107605  0.4368994
7256.95195770263  0.4414829
7258.93823432922  0.4458044
7260.92451095581  0.4513315
7262.9107875824  0.4542555
7264.89706420898  0.455422
7266.88334083557  0.4590538
7268.86961746216  0.4651137
7270.85589408874  0.4673875
7272.84217071533  0.4658765
7274.82844734192  0.4641444
7276.8147239685  0.4626673
7278.80100059509  0.4628431
7280.78727722168  0.4650535
7282.77355384826  0.4678507
7284.75983047485  0.47236
7286.74610710144  0.4810262
7288.73238372803  0.4877817
7290.71866035461  0.4878613
7292.7049369812  0.4839606
7294.69121360779  0.4836257
7296.67749023437  0.4859958
7298.66376686096  0.4852839
7300.65004348755  0.4815866
7302.63632011413  0.4781899
7304.62259674072  0.472271
7306.60887336731  0.4675685
7308.59514999389  0.469959
7310.58142662048  0.4778361
7312.56770324707  0.4846278
7314.55397987366  0.4937648
7316.54025650024  0.496134
7318.52653312683  0.4887247
7320.51280975342  0.4800016
7322.49908638  0.4747475
7324.48536300659  0.4703591
7326.47163963318  0.4657951
7328.45791625976  0.4611489
7330.44419288635  0.457844
7332.43046951294  0.456881
7334.41674613953  0.454793
7336.40302276611  0.4492105
7338.3892993927  0.4425396
7340.37557601929  0.4377563
7342.36185264587  0.4346443
7344.34812927246  0.4296482
7346.33440589905  0.4211616
7348.32068252563  0.4159375
7350.30695915222  0.4166694
7352.29323577881  0.4179863
7354.27951240539  0.4186742
7356.26578903198  0.4227571
7358.25206565857  0.4221207
7360.23834228516  0.4150104
7362.22461891174  0.4097485
7364.21089553833  0.4079192
7366.19717216492  0.4056138
7368.1834487915  0.401935
7370.16972541809  0.3982787
7372.15600204468  0.4050382
7374.14227867126  0.4297991
7376.12855529785  0.4372198
7378.11483192444  0.4183396
7380.10110855102  0.3993797
7382.08738517761  0.3975223
7384.0736618042  0.4035882
7386.05993843079  0.3994242
7388.04621505737  0.3845242
7390.03249168396  0.376523
7392.01876831055  0.3765794
7394.00504493713  0.3795534
7395.99132156372  0.3811562
7397.97759819031  0.3808019
7399.96387481689  0.380922
7401.95015144348  0.3807429
7403.93642807007  0.3856189
7405.92270469665  0.3987024
7407.90898132324  0.408058
7409.89525794983  0.4085869
7411.88153457641  0.4044649
7413.867811203  0.4016241
7415.85408782959  0.4006582
7417.84036445618  0.4008813
7419.82664108276  0.4039854
7421.81291770935  0.401585
7423.79919433594  0.3941634
7425.78547096252  0.3890976
7427.77174758911  0.3863206
7429.7580242157  0.3836978
7431.74430084228  0.3844687
7433.73057746887  0.3893448
7435.71685409546  0.3935772
7437.70313072205  0.3981523
7439.68940734863  0.4045792
7441.67568397522  0.4121285
7443.66196060181  0.4206816
7445.64823722839  0.4255612
7447.63451385498  0.4264005
7449.62079048157  0.427537
7451.60706710815  0.4304456
7453.59334373474  0.4303124
7455.57962036133  0.4240827
7457.56589698791  0.4142444
7459.5521736145  0.4086293
7461.53845024109  0.4079604
7463.52472686768  0.4048294
7465.51100349426  0.3985852
7467.49728012085  0.3921363
7469.48355674743  0.3867456
7471.46983337402  0.3813484
7473.45611000061  0.3770767
7475.4423866272  0.3769091
7477.42866325378  0.3753683
7479.41493988037  0.3720231
7481.40121650696  0.3676684
7483.38749313354  0.3649808
7485.37376976013  0.3662262
7487.36004638672  0.3720213
7489.3463230133  0.3807102
7491.33259963989  0.3817222
7493.31887626648  0.3721118
7495.30515289307  0.3706103
7497.29142951965  0.3793176
7499.27770614624  0.3900186
7501.26398277283  0.396857
7503.25025939941  0.4005078
7505.236536026  0.4037062
7507.22281265259  0.4056459
7509.20908927917  0.4062702
7511.19536590576  0.4058605
7513.18164253235  0.4076177
7515.16791915893  0.4100024
7517.15419578552  0.4109297
7519.14047241211  0.409468
7521.1267490387  0.4068319
7523.11302566528  0.401415
7525.09930229187  0.3908865
7527.08557891846  0.3810696
7529.07185554504  0.3760808
7531.05813217163  0.3773586
7533.04440879822  0.3836996
7535.0306854248  0.3956173
7537.01696205139  0.3952481
7539.00323867798  0.3814143
7540.98951530456  0.3674594
7542.97579193115  0.3518381
7544.96206855774  0.3419071
7546.94834518432  0.3487223
7548.93462181091  0.3709463
7550.9208984375  0.3783977
7552.90717506409  0.3698646
7554.89345169067  0.3628406
7556.87972831726  0.3645774
7558.86600494385  0.3743891
7560.85228157043  0.3820426
7562.83855819702  0.3841219
7564.82483482361  0.3743863
7566.81111145019  0.3500291
7568.79738807678  0.3335474
7570.78366470337  0.3239375
7572.76994132995  0.3185614
7574.75621795654  0.3188686
7576.74249458313  0.3224511
7578.72877120971  0.327848
7580.7150478363  0.3397063
7582.70132446289  0.3414759
7584.68760108948  0.3287238
7586.67387771606  0.3176761
7588.66015434265  0.3157657
7590.64643096924  0.3189792
7592.63270759582  0.3224291
7594.61898422241  0.3262025
7596.605260849  0.3271135
7598.59153747558  0.3238581
7600.57781410217  0.3242941
7602.56409072876  0.3295422
7604.55036735534  0.3337674
7606.53664398193  0.3316727
7608.52292060852  0.3242298
7610.50919723511  0.3197677
7612.49547386169  0.3166456
7614.48175048828  0.3165832
7616.46802711487  0.3212739
7618.45430374145  0.3244801
7620.44058036804  0.3222545
7622.42685699463  0.3178267
7624.41313362121  0.3135599
7626.3994102478  0.3063066
7628.38568687439  0.3063375
7630.37196350098  0.3176207
7632.35824012756  0.3276719
7634.34451675415  0.3306686
7636.33079338074  0.3298553
7638.31707000732  0.3287883
7640.30334663391  0.3260872
7642.2896232605  0.3260469
7644.27589988708  0.3284329
7646.26217651367  0.3328526
7648.24845314026  0.3392028
7650.23472976684  0.3465689
7652.22100639343  0.3554732
7654.20728302002  0.3677879
7656.1935596466  0.3734619
7658.17983627319  0.3709354
7660.16611289978  0.3705462
7662.15238952637  0.3737728
7664.13866615295  0.3778378
7666.12494277954  0.3819248
7668.11121940613  0.3856338
7670.09749603271  0.3888417
7672.0837726593  0.3914193
7674.07004928589  0.3941177
7676.05632591247  0.3972712
7678.04260253906  0.4018884
7680.02887916565  0.4076686
7682.01515579224  0.4123186
7684.00143241882  0.4099558
7685.98770904541  0.3994604
7687.973985672  0.3932523
7689.96026229858  0.3890857
7691.94653892517  0.3910123
7693.93281555176  0.4020766
7695.91909217834  0.416322
7697.90536880493  0.4236875
7699.89164543152  0.4260155
7701.87792205811  0.4281089
7703.86419868469  0.4299063
7705.85047531128  0.4277041
7707.83675193786  0.4229571
7709.82302856445  0.4186216
7711.80930519104  0.4124942
7713.79558181763  0.4042861
7715.78185844421  0.3954063
7717.7681350708  0.3827983
7719.75441169739  0.3765688
7721.74068832397  0.3818952
7723.72696495056  0.3876781
7725.71324157715  0.3861886
7727.69951820373  0.3831469
7729.68579483032  0.3730921
7731.67207145691  0.35235
7733.65834808349  0.3342996
7735.64462471008  0.3193619
7737.63090133667  0.313392
7739.61717796326  0.3250752
7741.60345458984  0.3510787
7743.58973121643  0.3659634
7745.57600784302  0.3732525
7747.5622844696  0.3743283
7749.54856109619  0.3669366
7751.53483772278  0.36033
7753.52111434936  0.3576406
7755.50739097595  0.3551559
7757.49366760254  0.3551679
7759.47994422913  0.3612107
7761.46622085571  0.3572603
7763.4524974823  0.3406045
7765.43877410889  0.3249218
7767.42505073547  0.3093024
7769.41132736206  0.2904306
7771.39760398865  0.2862199
7773.38388061523  0.3022704
7775.37015724182  0.3130181
7777.35643386841  0.3210087
7779.34271049499  0.3259957
7781.32898712158  0.327617
7783.31526374817  0.3286034
7785.30154037476  0.3318792
7787.28781700134  0.3356972
7789.27409362793  0.3450285
7791.26037025452  0.3627521
7793.2466468811  0.3760263
7795.23292350769  0.3834951
7797.21920013427  0.3864517
7799.20547676086  0.385145
7801.19175338745  0.3791943
7803.17803001404  0.3700186
7805.16430664062  0.3572206
7807.15058326721  0.3456879
7809.1368598938  0.333138
7811.12313652038  0.3183699
7813.10941314697  0.3049569
7815.09568977356  0.2968128
7817.08196640014  0.2992163
7819.06824302673  0.3126953
7821.05451965332  0.3238724
7823.04079627991  0.3349983
7825.02707290649  0.3430829
7827.01334953308  0.3478469
7828.99962615967  0.3491549
7830.98590278625  0.345872
7832.97217941284  0.3397575
7834.95845603943  0.3383245
7836.94473266601  0.3410084
7838.9310092926  0.3424256
7840.91728591919  0.3445278
7842.90356254578  0.3498491
7844.88983917236  0.3567962
7846.87611579895  0.3643698
7848.86239242554  0.3803129
7850.84866905212  0.4093537
7852.83494567871  0.4286853
7854.8212223053  0.4388244
7856.80749893188  0.4410435
7858.79377555847  0.4285061
7860.78005218506  0.4054128
7862.76632881164  0.3923371
7864.75260543823  0.3865093
7866.73888206482  0.3792193
7868.7251586914  0.372755
7870.71143531799  0.3675337
7872.69771194458  0.3615074
7874.68398857117  0.3575951
7876.67026519775  0.3619036
7878.65654182434  0.3764067
7880.64281845093  0.3812737
7882.62909507751  0.3744584
7884.6153717041  0.3685319
7886.60164833069  0.3702065
7888.58792495727  0.375425
7890.57420158386  0.3739403
7892.56047821045  0.3672846
7894.54675483704  0.359475
7896.53303146362  0.3476626
7898.51930809021  0.3379747
7900.5055847168  0.3367137
7902.49186134338  0.3400902
7904.47813796997  0.3367477
7906.46441459656  0.3277204
7908.45069122314  0.329681
7910.43696784973  0.3446097
7912.42324447632  0.3536078
7914.4095211029  0.3557323
7916.39579772949  0.3599355
7918.38207435608  0.3674805
7920.36835098267  0.3737155
7922.35462760925  0.3777983
7924.34090423584  0.3789025
7926.32718086243  0.385235
7928.31345748901  0.3967564
7930.2997341156  0.4123833
7932.28601074219  0.431623
7934.27228736877  0.446455
7936.25856399536  0.437104
7938.24484062195  0.4004497
7940.23111724853  0.3784245
7942.21739387512  0.3708708
7944.20367050171  0.3674449
7946.18994712829  0.3620543
7948.17622375488  0.3555692
7950.16250038147  0.3522334
7952.14877700805  0.3508782
7954.13505363464  0.3467364
7956.12133026123  0.338428
7958.10760688782  0.3350062
7960.0938835144  0.3364806
7962.08016014099  0.3424111
7964.06643676758  0.3562973
7966.05271339416  0.3799985
7968.03899002075  0.3944113
7970.02526664734  0.4035727
7972.01154327392  0.4022793
7973.99781990051  0.3872686
7975.9840965271  0.3699172
7977.97037315369  0.3596793
7979.95664978027  0.3541389
7981.94292640686  0.3519523
7983.92920303345  0.355631
7985.91547966003  0.3533349
7987.90175628662  0.3438469
7989.88803291321  0.3361393
7991.87430953979  0.3312504
7993.86058616638  0.3245973
7995.84686279297  0.3221844
7997.83313941955  0.3260131
7999.81941604614  0.3335937
8001.80569267273  0.3465956
8003.79196929931  0.3537247
8005.7782459259  0.3518824
8007.76452255249  0.3444255
8009.75079917908  0.3360142
8011.73707580566  0.3257983
8013.72335243225  0.3219889
8015.70962905884  0.3269223
8017.69590568542  0.3261876
8019.68218231201  0.315221
8021.6684589386  0.3040022
8023.65473556518  0.305251
8025.64101219177  0.3155969
8027.62728881836  0.3219374
8029.61356544494  0.3278776
8031.59984207153  0.3310721
8033.58611869812  0.3243069
8035.57239532471  0.3142105
8037.55867195129  0.3140271
8039.54494857788  0.3193889
8041.53122520447  0.3194965
8043.51750183105  0.3157248
8045.50377845764  0.3137079
8047.49005508423  0.3109781
8049.47633171081  0.3101089
8051.4626083374  0.3141696
8053.44888496399  0.3194121
8055.43516159058  0.3185471
8057.42143821716  0.3120019
8059.40771484375  0.3108247
8061.39399147034  0.313925
8063.38026809692  0.3190302
8065.36654472351  0.3286708
8067.3528213501  0.3380764
8069.33909797668  0.3375286
8071.32537460327  0.3289143
8073.31165122986  0.32725
8075.29792785644  0.3317869
8077.28420448303  0.3353673
8079.27048110962  0.33848
8081.2567577362  0.3388454
8083.24303436279  0.3375149
8085.22931098938  0.336675
8087.21558761597  0.3400759
8089.20186424255  0.3493704
8091.18814086914  0.3553065
8093.17441749573  0.3538914
8095.16069412231  0.3493055
8097.1469707489  0.350314
8099.13324737549  0.3563817
8101.11952400207  0.3624581
8103.10580062866  0.3707958
8105.09207725525  0.3748944
8107.07835388184  0.3746103
8109.06463050842  0.3687824
8111.05090713501  0.3584359
8113.03718376159  0.3476741
8115.02346038818  0.3377019
8117.00973701477  0.325265
8118.99601364136  0.3289096
8120.98229026794  0.352639
8122.96856689453  0.3710033
8124.95484352112  0.3839759
8126.9411201477  0.3943183
8128.92739677429  0.395448
8130.91367340088  0.3893836
8132.89995002747  0.3963349
8134.88622665405  0.4221815
8136.87250328064  0.42896
8138.85877990723  0.409217
8140.84505653381  0.3806104
8142.8313331604  0.3532476
8144.81760978699  0.3212824
8146.80388641357  0.3110902
8148.79016304016  0.3262851
8150.77643966675  0.3336708
8152.76271629333  0.3327245
8154.74899291992  0.3368433
8156.73526954651  0.3473495
8158.72154617309  0.3623846
8160.70782279968  0.3724022
8162.69409942627  0.3794864
8164.68037605285  0.3798353
8166.66665267944  0.3708624
8168.65292930603  0.3659962
8170.63920593261  0.3746442
8172.6254825592  0.3895162
8174.61175918579  0.3956828
8176.59803581238  0.395742
8178.58431243896  0.3953482
8180.57058906555  0.392819
8182.55686569214  0.3909951
8184.54314231872  0.3914056
8186.52941894531  0.3910407
8188.5156955719  0.3836244
8190.50197219848  0.3675124
8192.48824882507  0.3617153
8194.47452545166  0.3662474
8196.46080207825  0.37233
8198.44707870483  0.3791554
8200.43335533142  0.3844251
8202.41963195801  0.3853228
8204.40590858459  0.3849074
8206.39218521118  0.3805668
8208.37846183777  0.3690011
8210.36473846435  0.362434
8212.35101509094  0.3648048
8214.33729171753  0.3711938
8216.32356834411  0.3765842
8218.3098449707  0.380676
8220.29612159729  0.3926136
8222.28239822388  0.4152045
8224.26867485046  0.4322739
8226.25495147705  0.4441084
8228.24122810363  0.4465571
8230.22750473022  0.4324026
8232.21378135681  0.4081892
8234.2000579834  0.3949715
8236.18633460998  0.3860525
8238.17261123657  0.3873289
8240.15888786316  0.4063273
8242.14516448974  0.4207872
8244.13144111633  0.4192919
8246.11771774292  0.412218
8248.1039943695  0.40845
8250.09027099609  0.4049683
8252.07654762268  0.4021605
8254.06282424926  0.4009615
8256.04910087585  0.3984477
8258.03537750244  0.3934696
8260.02165412903  0.3884844
8262.00793075561  0.386909
8263.9942073822  0.3880309
8265.98048400878  0.3831747
8267.96676063537  0.3713881
8269.95303726196  0.3631107
8271.93931388855  0.357987
8273.92559051513  0.354181
8275.91186714172  0.3545523
8277.89814376831  0.3590735
8279.8844203949  0.3673036
8281.87069702148  0.381199
8283.85697364807  0.3979746
8285.84325027465  0.41687
8287.82952690124  0.4226425
8289.81580352783  0.4141041
8291.80208015442  0.398567
8293.788356781  0.388124
8295.77463340759  0.37965
8297.76091003418  0.3722565
8299.74718666076  0.3665777
8301.73346328735  0.3634433
8303.71973991394  0.3600772
8305.70601654052  0.3571471
8307.69229316711  0.3594875
8309.6785697937  0.3672395
8311.66484642028  0.3696158
8313.65112304687  0.3657776
8315.63739967346  0.3659824
8317.62367630004  0.3718512
8319.60995292663  0.3774998
8321.59622955322  0.3795229
8323.58250617981  0.3770334
8325.56878280639  0.3719658
8327.55505943298  0.364106
8329.54133605957  0.3556703
8331.52761268615  0.3396759
8333.51388931274  0.3293994
8335.50016593933  0.3412828
8337.48644256592  0.3700081
8339.4727191925  0.3840851
8341.45899581909  0.3858939
8343.44527244567  0.3916896
8345.43154907226  0.4027466
8347.41782569885  0.4104636
8349.40410232544  0.4111119
8351.39037895202  0.4063218
8353.37665557861  0.4045199
8355.3629322052  0.4055694
8357.34920883178  0.4051647
8359.33548545837  0.4025338
8361.32176208496  0.3986029
8363.30803871154  0.3948212
8365.29431533813  0.3922802
8367.28059196472  0.3884466
8369.26686859131  0.3819707
8371.25314521789  0.3835007
8373.23942184448  0.3944018
8375.22569847107  0.4038542
8377.21197509765  0.4112577
8379.19825172424  0.4166222
8381.18452835083  0.4174795
8383.17080497741  0.4151571
8385.157081604  0.4223251
8387.14335823059  0.4391537
8389.12963485717  0.4530658
8391.11591148376  0.4644494
8393.10218811035  0.4814859
8395.08846473693  0.5067273
8397.07474136352  0.5392035
8399.06101799011  0.5643662
8401.0472946167  0.5837736
8403.03357124328  0.5990626
8405.01984786987  0.6140775
8407.00612449646  0.6257418
8408.99240112304  0.6284832
8410.97867774963  0.6268845
8412.96495437622  0.6281311
8414.9512310028  0.6251038
8416.93750762939  0.6418079
8418.92378425598  0.6838648
8420.91006088257  0.7294948
8422.89633750915  0.7694903
8424.88261413574  0.8092402
8426.86889076233  0.8488808
8428.85516738891  0.888155
8430.8414440155  0.9251975
8432.82772064209  0.9620142
8434.81399726867  0.9914435
8436.80027389526  1.011264
8438.78655052185  1.028217
8440.77282714843  1.051297
8442.75910377502  1.08033
8444.74538040161  1.111853
8446.7316570282  1.150137
8448.71793365478  1.17917
8450.70421028137  1.199769
8452.69048690796  1.207873
8454.67676353454  1.196956
8456.66304016113  1.170485
8458.64931678772  1.149953
8460.6355934143  1.127236
8462.62187004089  1.119863
8464.60814666748  1.131333
8466.59442329406  1.146496
8468.58069992065  1.159684
8470.56697654724  1.17239
8472.55325317382  1.174319
8474.53952980041  1.164158
8476.525806427  1.159215
8478.51208305359  1.158686
8480.49835968017  1.160503
8482.48463630676  1.16756
8484.47091293335  1.177612
8486.45718955993  1.177949
8488.44346618652  1.169733
8490.42974281311  1.164896
8492.41601943969  1.157369
8494.40229606628  1.163502
8496.38857269287  1.192311
8498.37484931946  1.226801
8500.36112594604  1.251333
8502.34740257263  1.273785
8504.33367919922  1.279693
8506.3199558258  1.263913
8508.30623245239  1.255718
8510.29250907898  1.261049
8512.27878570556  1.266262
8514.26506233215  1.262982
8516.25133895874  1.255632
8518.23761558532  1.256229
8520.22389221191  1.266573
8522.2101688385  1.267232
8524.19644546508  1.259018
8526.18272209167  1.244259
8528.16899871826  1.217816
8530.15527534484  1.178502
8532.14155197143  1.141302
8534.12782859802  1.100257
8536.11410522461  1.082244
8538.10038185119  1.083901
8540.08665847778  1.101136
8542.07293510437  1.142925
8544.05921173095  1.197722
8546.04548835754  1.228856
8548.03176498413  1.242221
8550.01804161071  1.241443
8552.0043182373  1.222006
8553.99059486389  1.202874
8555.97687149048  1.188276
8557.96314811706  1.172692
8559.94942474365  1.146984
8561.93570137024  1.111154
8563.92197799682  1.077132
8565.90825462341  1.041296
8567.89453125  1.009793
8569.88080787658  0.9848956
8571.86708450317  0.9642127
8573.85336112976  0.9458935
8575.83963775634  0.9294
8577.82591438293  0.903699
8579.81219100952  0.866811
8581.79846763611  0.8386505
8583.78474426269  0.8164279
8585.77102088928  0.8015219
8587.75729751587  0.7991278
8589.74357414245  0.8072003
8591.72985076904  0.8206917
8593.71612739563  0.8431708
8595.70240402221  0.8611441
8597.6886806488  0.875416
8599.67495727539  0.8875964
8601.66123390198  0.8965091
8603.64751052856  0.9001725
8605.63378715515  0.9001736
8607.62006378173  0.8972887
8609.60634040832  0.8967164
8611.59261703491  0.8974158
8613.57889366149  0.8964889
8615.56517028808  0.8965293
8617.55144691467  0.8970039
8619.53772354126  0.8927149
8621.52400016784  0.8850916
8623.51027679443  0.881407
8625.49655342102  0.8791904
8627.4828300476  0.8813685
8629.46910667419  0.8900452
8631.45538330078  0.9038292
8633.44165992736  0.9275585
8635.42793655395  0.9585615
8637.41421318054  0.9623686
8639.40048980713  0.9386511
8641.38676643371  0.9231359
8643.3730430603  0.9105275
8645.35931968689  0.8984404
8647.34559631347  0.8925406
8649.33187294006  0.891187
8651.31814956665  0.8838102
8653.30442619323  0.8705156
8655.29070281982  0.8591909
8657.27697944641  0.8426965
8659.26325607299  0.8449315
8661.24953269958  0.8892598
8663.23580932617  0.9581693
8665.22208595275  0.9940137
8667.20836257934  1.003534
8669.19463920593  1.013176
8671.18091583252  1.025436
8673.1671924591  1.022941
8675.15346908569  0.99284
8677.13974571228  0.9476386
8679.12602233886  0.9112651
8681.11229896545  0.8758649
8683.09857559204  0.8561594
8685.08485221862  0.855503
8687.07112884521  0.852447
8689.0574054718  0.8402567
8691.04368209839  0.8228586
8693.02995872497  0.8058751
8695.01623535156  0.7866606
8697.00251197815  0.7664483
8698.98878860473  0.7448909
8700.97506523132  0.7276269
8702.96134185791  0.7071019
8704.94761848449  0.6862677
8706.93389511108  0.6806871
8708.92017173767  0.6855243
8710.90644836425  0.6750146
8712.89272499084  0.6518907
8714.87900161743  0.6317229
8716.86527824402  0.6100273
8718.8515548706  0.5955608
8720.83783149719  0.5945742
8722.82410812378  0.6025047
8724.81038475036  0.6084602
8726.79666137695  0.614269
8728.78293800354  0.6149859
8730.76921463012  0.6123236
8732.75549125671  0.6044193
8734.7417678833  0.5896674
8736.72804450989  0.5741084
8738.71432113647  0.5620466
8740.70059776306  0.5514684
8742.68687438964  0.5430282
8744.67315101623  0.5384145
8746.65942764282  0.5297704
8748.64570426941  0.5157499
8750.63198089599  0.5031987
8752.61825752258  0.4949083
8754.60453414917  0.4873654
8756.59081077575  0.4858266
8758.57708740234  0.4951976
8760.56336402893  0.4919314
8762.54964065551  0.4724649
8764.5359172821  0.4467444
8766.52219390869  0.4176071
8768.50847053528  0.3840044
8770.49474716186  0.3663557
8772.48102378845  0.364823
8774.46730041504  0.3620007
8776.45357704162  0.3571611
8778.43985366821  0.3515605
8780.4261302948  0.3443917
8782.41240692138  0.3368826
8784.39868354797  0.3412761
8786.38496017456  0.3580768
8788.37123680114  0.3654109
8790.35751342773  0.3649844
8792.34379005432  0.3628443
8794.33006668091  0.3545615
8796.31634330749  0.3465904
8798.30261993408  0.3553126
8800.28889656067  0.3760135
8802.27517318725  0.3888306
8804.26144981384  0.3978294
8806.24772644043  0.4063786
8808.23400306701  0.4097058
8810.2202796936  0.4073503
8812.20655632019  0.3988884
8814.19283294677  0.3841572
8816.17910957336  0.3844065
8818.16538619995  0.3998855
8820.15166282654  0.411406
8822.13793945312  0.4211922
8824.12421607971  0.4201009
8826.1104927063  0.400533
8828.09676933288  0.3754462
8830.08304595947  0.3795497
8832.06932258605  0.4114752
8834.05559921264  0.4276091
8836.04187583923  0.4299478
8838.02815246582  0.4311772
8840.0144290924  0.4348235
8842.00070571899  0.4390539
8843.98698234558  0.4442576
8845.97325897217  0.449549
8847.95953559875  0.4590726
8849.94581222534  0.4756484
8851.93208885192  0.4878256
8853.91836547851  0.4898868
8855.9046421051  0.4873785
8857.89091873169  0.4840401
8859.87719535827  0.4748017
8861.86347198486  0.4547989
8863.84974861145  0.4196919
8865.83602523803  0.3973261
8867.82230186462  0.3866206
8869.80857849121  0.3834024
8871.7948551178  0.3902871
8873.78113174438  0.4071462
8875.76740837097  0.4099452
8877.75368499755  0.4001791
8879.73996162414  0.3910024
8881.72623825073  0.3843656
8883.71251487732  0.3820702
8885.6987915039  0.3817134
8887.68506813049  0.3801259
8889.67134475708  0.3737536
8891.65762138366  0.3627513
8893.64389801025  0.355436
8895.63017463684  0.3488644
8897.61645126342  0.3469719
8899.60272789001  0.3566883
8901.5890045166  0.3729446
8903.57528114319  0.3723559
8905.56155776977  0.3531954
8907.54783439636  0.3473084
8909.53411102295  0.3566672
8911.52038764953  0.3663663
8913.50666427612  0.3668388
8915.49294090271  0.3598002
8917.47921752929  0.3519718
8919.46549415588  0.3444581
8921.45177078247  0.3420237
8923.43804740905  0.3436687
8925.42432403564  0.3459922
8927.41060066223  0.3512317
8929.39687728881  0.3602539
8931.3831539154  0.3736802
8933.36943054199  0.3899847
8935.35570716858  0.3887678
8937.34198379516  0.3673606
8939.32826042175  0.3592072
8941.31453704834  0.3645898
8943.30081367492  0.3698625
8945.28709030151  0.3698987
8947.2733669281  0.3703066
8949.25964355469  0.3789204
8951.24592018127  0.3962482
8953.23219680786  0.4025752
8955.21847343445  0.3997805
8957.20475006103  0.3957943
8959.19102668762  0.3888071
8961.17730331421  0.3827087
8963.16357994079  0.390608
8965.14985656738  0.410866
8967.13613319397  0.4247911
8969.12240982055  0.435304
8971.10868644714  0.4442934
8973.09496307373  0.449497
8975.08123970031  0.4537229
8977.0675163269  0.4611499
8979.05379295349  0.4700637
8981.04006958007  0.480559
8983.02634620666  0.4944012
8985.01262283325  0.5040128
8986.99889945983  0.5096023
8988.98517608642  0.5135868
8990.97145271301  0.510842
8992.9577293396  0.5013849
8994.94400596618  0.4969702
8996.93028259277  0.4956529
8998.91655921936  0.494569
9000.90283584594  0.4959819
9002.88911247253  0.4994432
9004.87538909912  0.5025227
9006.8616657257  0.5039211
9008.84794235229  0.5017063
9010.83421897888  0.4964282
9012.82049560546  0.4911518
9014.80677223205  0.4853606
9016.79304885864  0.4760832
9018.77932548523  0.4606945
9020.76560211181  0.4435917
9022.7518787384  0.4372113
9024.73815536499  0.441736
9026.72443199157  0.4356812
9028.71070861816  0.4183384
9030.69698524475  0.4004996
9032.68326187133  0.3897611
9034.66953849792  0.3849798
9036.65581512451  0.3799722
9038.6420917511  0.3766196
9040.62836837768  0.3752587
9042.61464500427  0.3776993
9044.60092163086  0.3742206
9046.58719825744  0.3642928
9048.57347488403  0.3513467
9050.55975151062  0.3374891
9052.5460281372  0.3221886
9054.53230476379  0.313659
9056.51858139038  0.3102476
9058.50485801696  0.31282
9060.49113464355  0.3220654
9062.47741127014  0.3289599
9064.46368789672  0.33079
9066.44996452331  0.3282656
9068.4362411499  0.320524
9070.42251777649  0.3060502
9072.40879440307  0.2996255
9074.39507102966  0.2997551
9076.38134765625  0.2994084
9078.36762428283  0.2972231
9080.35390090942  0.2922249
9082.34017753601  0.28446
9084.32645416259  0.2737981
9086.31273078918  0.2684384
9088.29900741577  0.2675105
9090.28528404236  0.2681232
9092.27156066894  0.2693228
9094.25783729553  0.2703098
9096.24411392212  0.2717853
9098.2303905487  0.2741576
9100.21666717529  0.277606
9102.20294380188  0.2828088
9104.18922042846  0.2868165
9106.17549705505  0.2881478
9108.16177368164  0.2871241
9110.14805030822  0.2867261
9112.13432693481  0.287235
9114.1206035614  0.2885075
9116.10688018799  0.2908152
9118.09315681457  0.2928143
9120.07943344116  0.2938393
9122.06571006775  0.2934519
9124.05198669433  0.2934881
9126.03826332092  0.2945837
9128.02453994751  0.2966585
9130.01081657409  0.3009526
9131.99709320068  0.2992047
9133.98336982727  0.2899173
9135.96964645385  0.2827914
9137.95592308044  0.2807721
9139.94219970703  0.2835708
9141.92847633361  0.2940201
9143.9147529602  0.3130796
9145.90102958679  0.3217083
9147.88730621338  0.318523
9149.87358283996  0.3216313
9151.85985946655  0.3389707
9153.84613609314  0.3638486
9155.83241271972  0.3823708
9157.81868934631  0.394962
9159.8049659729  0.4059464
9161.79124259948  0.4139707
9163.77751922607  0.4266916
9165.76379585266  0.441636
9167.75007247925  0.4581777
9169.73634910583  0.4755736
9171.72262573242  0.4903259
9173.70890235901  0.5049956
9175.69517898559  0.5225164
9177.68145561218  0.5309526
9179.66773223877  0.5242198
9181.65400886535  0.5186483
9183.64028549194  0.5235378
9185.62656211853  0.5312828
9187.61283874511  0.5401654
9189.5991153717  0.552143
9191.58539199829  0.5652757
9193.57166862488  0.5775393
9195.55794525146  0.5907312
9197.54422187805  0.6072892
9199.53049850463  0.6222408
9201.51677513122  0.6284376
9203.50305175781  0.6294173
9205.4893283844  0.6227491
9207.47560501098  0.6041703
9209.46188163757  0.5864561
9211.44815826416  0.575952
9213.43443489074  0.5730613
9215.42071151733  0.5737439
9217.40698814392  0.5750125
9219.3932647705  0.5782217
9221.37954139709  0.5856238
9223.36581802368  0.5925541
9225.35209465027  0.5965325
9227.33837127685  0.5954917
9229.32464790344  0.5831603
9231.31092453002  0.5603191
9233.29720115661  0.551748
9235.2834777832  0.5588266
9237.26975440979  0.5513615
9239.25603103637  0.5276515
9241.24230766296  0.4945798
9243.22858428955  0.4510847
9245.21486091613  0.3994234
9247.20113754272  0.3815854
9249.18741416931  0.3943245
9251.1736907959  0.4043318
9253.15996742248  0.4167823
9255.14624404907  0.4265774
9257.13252067566  0.4224693
9259.11879730224  0.4073356
9261.10507392883  0.3848759
9263.09135055542  0.3492444
9265.077627182  0.3363956
9267.06390380859  0.3485114
9269.05018043518  0.3579093
9271.03645706177  0.3606516
9273.02273368835  0.3527497
9275.00901031494  0.3237845
9276.99528694152  0.2799969
9278.98156356811  0.2580328
9280.9678401947  0.250484
9282.95411682129  0.2473584
9284.94039344787  0.2609499
9286.92667007446  0.2755909
9288.91294670105  0.2612362
9290.89922332763  0.2234749
9292.88549995422  0.2087234
9294.87177658081  0.2068887
9296.85805320739  0.2237088
9298.84432983398  0.2689068
9300.83060646057  0.2949482
9302.81688308716  0.2606317
9304.80315971374  0.1862925
9306.78943634033  0.1485845
9308.77571296691  0.1353101
9310.7619895935  0.1243089
9312.74826622009  0.1080488
9314.73454284668  0.110663
9316.72081947326  0.1473563
9318.70709609985  0.1958576
9320.69337272644  0.2211245
9322.67964935302  0.232213
9324.66592597961  0.2427041
9326.6522026062  0.2491635
9328.63847923278  0.2522226
9330.62475585937  0.2559378
9332.61103248596  0.2602418
9334.59730911254  0.2520956
9336.58358573913  0.2283113
9338.56986236572  0.2211026
9340.55613899231  0.2279685
9342.54241561889  0.2415169
9344.52869224548  0.2571555
9346.51496887207  0.2712538
9348.50124549865  0.2893546
9350.48752212524  0.31463
9352.47379875183  0.3132012
9354.46007537841  0.2839139
9356.446352005  0.2646971
9358.43262863159  0.2540055
9360.41890525818  0.2507398
9362.40518188476  0.2672891
9364.39145851135  0.2929026
9366.37773513794  0.2829034
9368.36401176452  0.2392939
9370.35028839111  0.2201206
9372.3365650177  0.2117222
9374.32284164428  0.224417
9376.30911827087  0.2776707
9378.29539489746  0.3500355
9380.28167152404  0.3836818
9382.26794815063  0.390712
9384.25422477722  0.3833795
9386.2405014038  0.3543451
9388.22677803039  0.3304312
9390.21305465698  0.3222224
9392.19933128357  0.3266423
9394.18560791015  0.3216435
9396.17188453674  0.3032378
9398.15816116333  0.3069447
9400.14443778991  0.3327267
9402.1307144165  0.3602072
9404.11699104309  0.391535
9406.10326766968  0.4185421
9408.08954429626  0.4238827
9410.07582092285  0.4130795
9412.06209754943  0.3882338
9414.04837417602  0.3393275
9416.03465080261  0.3140067
9418.0209274292  0.3124423
9420.00720405578  0.3185575
9421.99348068237  0.3317653
9423.97975730896  0.3512991
9425.96603393554  0.3502387
9427.95231056213  0.3305773
9429.93858718872  0.311821
9431.9248638153  0.2934083
9433.91114044189  0.2831401
9435.89741706848  0.2797723
9437.88369369507  0.2825866
9439.86997032165  0.2888602
9441.85624694824  0.2982831
9443.84252357483  0.2991087
9445.82880020141  0.296082
9447.815076828  0.2895754
9449.80135345459  0.2716018
9451.78763008117  0.2528568
9453.77390670776  0.2548885
9455.76018333435  0.2739516
9457.74645996093  0.2980407
9459.73273658752  0.3337203
9461.71901321411  0.3600744
9463.70528984069  0.3719219
9465.69156646728  0.3728651
9467.67784309387  0.3747566
9469.66411972046  0.3788162
9471.65039634704  0.3816563
9473.63667297363  0.3815117
9475.62294960022  0.3879127
9477.6092262268  0.4011628
9479.59550285339  0.4156917
9481.58177947998  0.4333762
9483.56805610656  0.4550694
9485.55433273315  0.4626689
9487.54060935974  0.4585069
9489.52688598633  0.4473209
9491.51316261291  0.4265629
9493.4994392395  0.4155524
9495.48571586609  0.4242119
9497.47199249267  0.4443659
9499.45826911926  0.4566532
9501.44454574585  0.4633558
9503.43082237243  0.4715706
9505.41709899902  0.4824337
9507.40337562561  0.4971112
9509.38965225219  0.5138494
9511.37592887878  0.5282629
9513.36220550537  0.5318633
9515.34848213196  0.5282787
9517.33475875854  0.5322512
9519.32103538513  0.53868
9521.30731201172  0.5504049
9523.2935886383  0.575666
9525.27986526489  0.6070719
9527.26614189148  0.6392452
9529.25241851806  0.6782135
9531.23869514465  0.6837512
9533.22497177124  0.6543735
9535.21124839782  0.6356353
9537.19752502441  0.6359993
9539.183801651  0.6313926
9541.17007827758  0.6049684
9543.15635490417  0.5690323
9545.14263153076  0.5512495
9547.12890815734  0.5477224
9549.11518478393  0.5392234
9551.10146141052  0.5301062
9553.08773803711  0.5114617
9555.07401466369  0.4802219
9557.06029129028  0.4466637
9559.04656791687  0.4207552
9561.03284454345  0.3976253
9563.01912117004  0.3863423
9565.00539779663  0.3902303
9566.99167442321  0.3885037
9568.9779510498  0.3784539
9570.96422767639  0.3678156
9572.95050430298  0.3626632
9574.93678092956  0.3632443
9576.92305755615  0.3561681
9578.90933418274  0.3430528
9580.89561080932  0.3249037
9582.88188743591  0.2973187
9584.8681640625  0.2710176
9586.85444068908  0.2762496
9588.84071731567  0.3132846
9590.82699394226  0.3296381
9592.81327056884  0.3377744
9594.79954719543  0.3257212
9596.78582382202  0.2865717
9598.7721004486  0.2498521
9600.75837707519  0.2508846
9602.74465370178  0.2780774
9604.73093032837  0.2851085
9606.71720695495  0.2787697
9608.70348358154  0.2756877
9610.68976020813  0.2791803
9612.67603683471  0.2842476
9614.6623134613  0.2822344
9616.64859008789  0.274987
9618.63486671447  0.2646761
9620.62114334106  0.2507021
9622.60741996765  0.2429466
9624.59369659424  0.2384672
9626.57997322082  0.230505
9628.56624984741  0.2306674
9630.552526474  0.2403937
9632.53880310058  0.2447712
9634.52507972717  0.245623
9636.51135635376  0.2454893
9638.49763298034  0.2441211
9640.48390960693  0.2417217
9642.47018623352  0.2371665
9644.4564628601  0.237593
9646.44273948669  0.2489351
9648.42901611328  0.2674694
9650.41529273987  0.2781998
9652.40156936645  0.2873528
9654.38784599304  0.2817284
9656.37412261962  0.2541133
9658.36039924621  0.2320918
9660.3466758728  0.2402572
9662.33295249939  0.2670088
9664.31922912597  0.2863368
9666.30550575256  0.3087703
9668.29178237915  0.3111596
9670.27805900574  0.2899427
9672.26433563232  0.2677727
9674.25061225891  0.2561823
9676.23688888549  0.2487315
9678.22316551208  0.2429493
9680.20944213867  0.2419941
9682.19571876525  0.238103
9684.18199539184  0.2275631
9686.16827201843  0.2210267
9688.15454864502  0.2266084
9690.1408252716  0.2342818
9692.12710189819  0.2343579
9694.11337852478  0.2300663
9696.09965515136  0.2310475
9698.08593177795  0.2350832
9700.07220840454  0.2456179
9702.05848503112  0.2609318
9704.04476165771  0.268258
9706.0310382843  0.2659293
9708.01731491089  0.2614326
9710.00359153747  0.2570566
9711.98986816406  0.2479815
9713.97614479065  0.2504098
9715.96242141723  0.2722394
9717.94869804382  0.2848408
9719.93497467041  0.2682093
9721.92125129699  0.2385482
9723.90752792358  0.2368238
9725.89380455017  0.2564485
9727.88008117675  0.2761132
9729.86635780334  0.3017404
9731.85263442993  0.309893
9733.83891105651  0.2885662
9735.8251876831  0.2525209
9737.81146430969  0.2347165
9739.79774093628  0.2281726
9741.78401756286  0.230991
9743.77029418945  0.2454577
9745.75657081604  0.2454572
9747.74284744262  0.2306002
9749.72912406921  0.2162765
9751.7154006958  0.2173265
9753.70167732238  0.2342033
9755.68795394897  0.2415067
9757.67423057556  0.2421546
9759.66050720215  0.2279145
9761.64678382873  0.2055397
9763.63306045532  0.1884643
9765.6193370819  0.18219
9767.60561370849  0.184777
9769.59189033508  0.2099773
9771.57816696167  0.2649594
9773.56444358825  0.2914662
9775.55072021484  0.2915506
9777.53699684143  0.2881143
9779.52327346801  0.2836001
9781.5095500946  0.2723266
9783.49582672119  0.2628281
9785.48210334778  0.2557061
9787.46837997436  0.2438127
9789.45465660095  0.2188358
9791.44093322754  0.1956937
9793.42720985412  0.192101
9795.41348648071  0.1977515
9797.3997631073  0.1934965
9799.38603973388  0.1859686
9801.37231636047  0.1616348
9803.35859298706  0.1094954
9805.34486961364  0.08731356
9807.33114624023  0.1232181
9809.31742286682  0.187031
9811.3036994934  0.2197839
9813.28997611999  0.2325363
9815.27625274658  0.2432273
9817.26252937317  0.2515683
9819.24880599975  0.2522855
9821.23508262634  0.2447421
9823.22135925293  0.2331018
9825.20763587951  0.2041644
9827.1939125061  0.1553905
9829.18018913269  0.1400162
9831.16646575927  0.1525996
9833.15274238586  0.1607831
9835.13901901245  0.1668402
9837.12529563904  0.1730877
9839.11157226562  0.1725771
9841.09784889221  0.163392
9843.0841255188  0.1594538
9845.07040214538  0.1589579
9847.05667877197  0.1620451
9849.04295539856  0.1648297
9851.02923202514  0.164114
9853.01550865173  0.1501418
9855.00178527832  0.1261379
9856.9880619049  0.1294991
9858.97433853149  0.1551421
9860.96061515808  0.1787823
9862.94689178467  0.2033626
9864.93316841125  0.2268318
9866.91944503784  0.2488212
9868.90572166443  0.2730198
9870.89199829101  0.302333
9872.8782749176  0.3418799
9874.86455154419  0.3313342
9876.85082817077  0.2671816
9878.83710479736  0.2070646
9880.82338142395  0.1674296
9882.80965805053  0.1542608
9884.79593467712  0.1811424
9886.78221130371  0.2473707
9888.7684879303  0.266183
9890.75476455688  0.2500218
9892.74104118347  0.2250494
9894.72731781006  0.2034233
9896.71359443664  0.1930524
9898.69987106323  0.1842292
9900.68614768981  0.1791597
9902.6724243164  0.1742762
9904.65870094299  0.1670427
9906.64497756958  0.1704472
9908.63125419616  0.1952684
9910.61753082275  0.2100784
9912.60380744934  0.1966977
9914.59008407592  0.1764178
9916.57636070251  0.1859896
9918.5626373291  0.2202899
9920.54891395568  0.2280295
9922.53519058227  0.2129429
9924.52146720886  0.2041606
9926.50774383545  0.2023906
9928.49402046203  0.2085971
9930.48029708862  0.2343418
9932.46657371521  0.2729846
9934.45285034179  0.2833859
9936.43912696838  0.2762064
9938.42540359497  0.2642429
9940.41168022156  0.2321414
9942.39795684814  0.1954698
9944.38423347473  0.178617
9946.37051010131  0.1701992
9948.3567867279  0.1892712
9950.34306335449  0.2451762
9952.32933998108  0.2747458
9954.31561660766  0.2626387
9956.30189323425  0.2447435
9958.28816986084  0.2477863
9960.27444648742  0.2607934
9962.26072311401  0.2829283
9964.2469997406  0.3185176
9966.23327636718  0.3446046
9968.21955299377  0.3609113
9970.20582962036  0.3873974
9972.19210624695  0.4278346
9974.17838287353  0.4578408
9976.16465950012  0.446801
9978.15093612671  0.3989027
9980.13721275329  0.3797801
9982.12348937988  0.3729934
9984.10976600647  0.3890162
9986.09604263305  0.4454958
9988.08231925964  0.5184483
9990.06859588623  0.5439968
9992.05487251281  0.5350438
9994.0411491394  0.5160484
9996.02742576599  0.4752583
9998.01370239257  0.4599532
9999.99997901916  0.4757055
