5687.15013897621  4.953023E-16
5687.63551693626  4.939307E-16
5688.12089489632  4.717241E-16
5688.60627285638  4.693540E-16
5689.09165081644  4.836990E-16
5689.57702877649  4.608270E-16
5690.06240673655  4.536067E-16
5690.54778469661  4.621221E-16
5691.03316265667  4.561937E-16
5691.51854061672  4.755592E-16
5692.00391857678  4.952066E-16
5692.48929653684  4.731854E-16
5692.97467449689  4.319344E-16
5693.46005245695  4.439813E-16
5693.94543041701  4.642994E-16
5694.43080837707  4.602409E-16
5694.91618633712  4.302175E-16
5695.40156429718  4.480551E-16
5695.88694225724  4.247984E-16
5696.37232021729  4.406482E-16
5696.85769817735  4.528942E-16
5697.34307613741  4.678155E-16
5697.82845409747  4.498050E-16
5698.31383205752  4.347293E-16
5698.79921001758  4.359694E-16
5699.28458797764  4.773403E-16
5699.76996593769  4.393399E-16
5700.25534389775  4.431986E-16
5700.74072185781  4.575906E-16
5701.22609981787  4.483643E-16
5701.71147777792  4.471052E-16
5702.19685573798  4.203730E-16
5702.68223369804  4.479041E-16
5703.16761165809  4.431014E-16
5703.65298961815  4.357329E-16
5704.13836757821  4.399475E-16
5704.62374553827  4.199613E-16
5705.10912349832  4.327149E-16
5705.59450145838  4.292840E-16
5706.07987941844  4.274834E-16
5706.5652573785  4.298358E-16
5707.05063533855  4.352725E-16
5707.53601329861  4.069625E-16
5708.02139125867  4.326425E-16
5708.50676921872  4.157768E-16
5708.99214717878  4.101252E-16
5709.47752513884  4.265640E-16
5709.9629030989  4.084922E-16
5710.44828105895  4.289593E-16
5710.93365901901  4.222596E-16
5711.41903697907  4.296497E-16
5711.90441493912  4.328770E-16
5712.38979289918  4.298717E-16
5712.87517085924  4.301863E-16
5713.3605488193  4.472962E-16
5713.84592677936  4.332164E-16
5714.33130473941  4.221898E-16
5714.81668269947  4.216466E-16
5715.30206065953  4.233137E-16
5715.78743861958  4.338690E-16
5716.27281657964  4.346945E-16
5716.7581945397  4.245618E-16
5717.24357249976  4.091698E-16
5717.72895045981  4.191333E-16
5718.21432841987  4.098587E-16
5718.69970637993  3.980512E-16
5719.18508433998  4.212787E-16
5719.67046230004  4.223516E-16
5720.1558402601  4.397136E-16
5720.64121822016  4.239064E-16
5721.12659618021  4.303650E-16
5721.61197414027  4.248059E-16
5722.09735210033  4.125977E-16
5722.58273006038  4.376661E-16
5723.06810802044  4.242681E-16
5723.5534859805  4.353618E-16
5724.03886394056  4.197310E-16
5724.52424190061  4.164626E-16
5725.00961986067  4.158242E-16
5725.49499782073  4.164080E-16
5725.98037578078  4.242209E-16
5726.46575374084  4.194645E-16
5726.9511317009  4.157760E-16
5727.43650966096  4.282252E-16
5727.92188762101  4.309880E-16
5728.40726558107  4.169348E-16
5728.89264354113  4.212025E-16
5729.37802150119  4.407973E-16
5729.86339946124  4.264414E-16
5730.3487774213  4.197423E-16
5730.83415538136  4.166620E-16
5731.31953334141  4.171461E-16
5731.80491130147  4.415427E-16
5732.29028926153  4.296949E-16
5732.77566722159  4.233713E-16
5733.26104518164  4.259533E-16
5733.7464231417  4.293047E-16
5734.23180110176  4.342761E-16
5734.71717906182  4.293543E-16
5735.20255702187  4.408751E-16
5735.68793498193  4.301109E-16
5736.17331294199  4.370680E-16
5736.65869090204  4.622025E-16
5737.1440688621  4.533333E-16
5737.62944682216  4.399735E-16
5738.11482478222  4.405102E-16
5738.60020274227  4.412635E-16
5739.08558070233  4.389076E-16
5739.57095866239  4.471759E-16
5740.05633662244  4.423186E-16
5740.5417145825  4.363529E-16
5741.02709254256  4.476049E-16
5741.51247050262  4.333216E-16
5741.99784846267  4.216831E-16
5742.48322642273  4.543083E-16
5742.96860438279  4.655865E-16
5743.45398234285  4.578381E-16
5743.9393603029  4.403488E-16
5744.42473826296  4.340453E-16
5744.91011622302  4.579338E-16
5745.39549418307  4.516399E-16
5745.88087214313  4.421186E-16
5746.36625010319  4.397750E-16
5746.85162806325  4.664682E-16
5747.3370060233  4.481510E-16
5747.82238398336  4.518760E-16
5748.30776194342  4.662618E-16
5748.79313990348  4.465823E-16
5749.27851786353  4.505480E-16
5749.76389582359  4.740584E-16
5750.24927378365  4.527090E-16
5750.7346517437  4.633559E-16
5751.22002970376  4.687829E-16
5751.70540766382  4.646471E-16
5752.19078562388  4.507712E-16
5752.67616358393  4.519187E-16
5753.16154154399  4.785259E-16
5753.64691950405  4.904882E-16
5754.13229746411  4.959761E-16
5754.61767542416  5.006806E-16
5755.10305338422  4.961837E-16
5755.58843134428  4.660466E-16
5756.07380930433  4.606619E-16
5756.55918726439  4.679882E-16
5757.04456522445  4.790468E-16
5757.52994318451  4.823928E-16
5758.01532114456  4.792799E-16
5758.50069910462  4.718699E-16
5758.98607706468  4.692803E-16
5759.47145502473  4.706944E-16
5759.95683298479  4.591206E-16
5760.44221094485  4.728342E-16
5760.92758890491  4.761604E-16
5761.41296686496  4.731060E-16
5761.89834482502  4.553107E-16
5762.38372278508  4.634116E-16
5762.86910074513  4.613338E-16
5763.35447870519  4.604760E-16
5763.83985666525  4.959365E-16
5764.32523462531  4.799530E-16
5764.81061258536  4.612856E-16
5765.29599054542  4.690033E-16
5765.78136850548  4.808585E-16
5766.26674646553  4.777571E-16
5766.75212442559  4.618607E-16
5767.23750238565  4.498068E-16
5767.72288034571  4.585288E-16
5768.20825830576  4.590276E-16
5768.69363626582  4.697091E-16
5769.17901422588  4.896151E-16
5769.66439218594  4.896315E-16
5770.14977014599  4.816207E-16
5770.63514810605  4.752693E-16
5771.12052606611  4.789607E-16
5771.60590402617  4.900331E-16
5772.09128198622  4.973082E-16
5772.57665994628  5.003427E-16
5773.06203790634  4.985870E-16
5773.54741586639  5.015197E-16
5774.03279382645  5.114223E-16
5774.51817178651  5.094183E-16
5775.00354974656  4.963884E-16
5775.48892770662  4.835473E-16
5775.97430566668  4.949589E-16
5776.45968362674  5.184030E-16
5776.9450615868  5.101104E-16
5777.43043954685  4.821517E-16
5777.91581750691  5.041464E-16
5778.40119546697  5.070396E-16
5778.88657342702  4.900599E-16
5779.37195138708  5.037709E-16
5779.85732934714  5.003522E-16
5780.3427073072  4.885335E-16
5780.82808526725  4.958366E-16
5781.31346322731  4.899286E-16
5781.79884118737  4.790121E-16
5782.28421914742  4.987348E-16
5782.76959710748  5.074803E-16
5783.25497506754  5.085505E-16
5783.74035302759  5.178545E-16
5784.22573098765  5.319303E-16
5784.71110894771  5.418554E-16
5785.19648690777  5.402936E-16
5785.68186486783  5.570027E-16
5786.16724282788  5.363202E-16
5786.65262078794  5.236531E-16
5787.137998748  5.247003E-16
5787.62337670805  4.905420E-16
5788.10875466811  5.193461E-16
5788.59413262817  5.253866E-16
5789.07951058823  5.283488E-16
5789.56488854828  5.455554E-16
5790.05026650834  5.191746E-16
5790.5356444684  5.012712E-16
5791.02102242845  5.156141E-16
5791.50640038851  5.271528E-16
5791.99177834857  5.261458E-16
5792.47715630863  5.541870E-16
5792.96253426868  5.258180E-16
5793.44791222874  5.125980E-16
5793.9332901888  5.340263E-16
5794.41866814886  5.326714E-16
5794.90404610891  5.500415E-16
5795.38942406897  5.237698E-16
5795.87480202903  5.021842E-16
5796.36017998908  5.398046E-16
5796.84555794914  5.293006E-16
5797.3309359092  5.214783E-16
5797.81631386926  5.301142E-16
5798.30169182931  5.404820E-16
5798.78706978937  5.171536E-16
5799.27244774943  5.367703E-16
5799.75782570948  5.351857E-16
5800.24320366954  5.298121E-16
5800.7285816296  5.073081E-16
5801.21395958966  5.075684E-16
5801.69933754971  5.191705E-16
5802.18471550977  5.367424E-16
5802.67009346983  5.217857E-16
5803.15547142988  5.306129E-16
5803.64084938994  5.290903E-16
5804.12622735  5.402729E-16
5804.61160531006  5.498757E-16
5805.09698327011  5.515837E-16
5805.58236123017  5.520793E-16
5806.06773919023  5.625147E-16
5806.55311715029  5.520040E-16
5807.03849511034  5.705537E-16
5807.5238730704  5.654495E-16
5808.00925103046  5.520689E-16
5808.49462899051  5.525673E-16
5808.98000695057  5.506781E-16
5809.46538491063  5.686576E-16
5809.95076287069  5.610752E-16
5810.43614083074  5.420688E-16
5810.9215187908  5.185928E-16
5811.40689675086  5.292429E-16
5811.89227471092  5.578152E-16
5812.37765267097  5.580583E-16
5812.86303063103  5.397701E-16
5813.34840859109  5.349925E-16
5813.83378655114  5.614868E-16
5814.3191645112  5.654988E-16
5814.80454247126  5.601564E-16
5815.28992043132  5.404393E-16
5815.77529839137  5.654127E-16
5816.26067635143  5.744529E-16
5816.74605431149  5.576891E-16
5817.23143227154  5.765806E-16
5817.7168102316  5.641542E-16
5818.20218819166  5.452087E-16
5818.68756615172  5.451515E-16
5819.17294411177  5.486545E-16
5819.65832207183  5.908464E-16
5820.14370003189  5.908899E-16
5820.62907799195  5.594950E-16
5821.114455952  5.507424E-16
5821.59983391206  5.569173E-16
5822.08521187212  5.856052E-16
5822.57058983217  5.782572E-16
5823.05596779223  5.757394E-16
5823.54134575229  5.811248E-16
5824.02672371235  5.870865E-16
5824.5121016724  5.781013E-16
5824.99747963246  5.969576E-16
5825.48285759252  5.807551E-16
5825.96823555258  5.939760E-16
5826.45361351263  5.730334E-16
5826.93899147269  5.745646E-16
5827.42436943275  5.906450E-16
5827.9097473928  5.797912E-16
5828.39512535286  5.819985E-16
5828.88050331292  5.970627E-16
5829.36588127298  5.970782E-16
5829.85125923303  6.219461E-16
5830.33663719309  6.302361E-16
5830.82201515315  5.881430E-16
5831.30739311321  5.845727E-16
5831.79277107326  6.013215E-16
5832.27814903332  6.129929E-16
5832.76352699338  5.988536E-16
5833.24890495343  5.882587E-16
5833.73428291349  6.096568E-16
5834.21966087355  6.234934E-16
5834.70503883361  6.234026E-16
5835.19041679366  6.078122E-16
5835.67579475372  6.176153E-16
5836.16117271378  6.238046E-16
5836.64655067383  5.943080E-16
5837.13192863389  6.041271E-16
5837.61730659395  6.109019E-16
5838.10268455401  5.916761E-16
5838.58806251406  6.103851E-16
5839.07344047412  6.339051E-16
5839.55881843418  6.221669E-16
5840.04419639423  5.993434E-16
5840.52957435429  6.005918E-16
5841.01495231435  6.085812E-16
5841.50033027441  6.226831E-16
5841.98570823446  6.242784E-16
5842.47108619452  6.192959E-16
5842.95646415458  6.292855E-16
5843.44184211463  6.013422E-16
5843.92722007469  5.956525E-16
5844.41259803475  6.268005E-16
5844.89797599481  6.592421E-16
5845.38335395487  6.562130E-16
5845.86873191492  6.354185E-16
5846.35410987498  6.420278E-16
5846.83948783504  6.476405E-16
5847.32486579509  6.551142E-16
5847.81024375515  6.331010E-16
5848.29562171521  6.263482E-16
5848.78099967526  6.636569E-16
5849.26637763532  6.507418E-16
5849.75175559538  6.279867E-16
5850.23713355544  6.124159E-16
5850.72251151549  6.462129E-16
5851.20788947555  6.710621E-16
5851.69326743561  6.509513E-16
5852.17864539567  6.697821E-16
5852.66402335572  6.888012E-16
5853.14940131578  6.763344E-16
5853.63477927584  6.805240E-16
5854.1201572359  6.770205E-16
5854.60553519595  6.783504E-16
5855.09091315601  6.843324E-16
5855.57629111607  7.011016E-16
5856.06166907612  6.845472E-16
5856.54704703618  7.077472E-16
5857.03242499624  6.932179E-16
5857.5178029563  6.967945E-16
5858.00318091635  6.915412E-16
5858.48855887641  7.061903E-16
5858.97393683647  7.024154E-16
5859.45931479652  6.968377E-16
5859.94469275658  6.842030E-16
5860.43007071664  7.063230E-16
5860.9154486767  7.092749E-16
5861.40082663675  7.193387E-16
5861.88620459681  6.995375E-16
5862.37158255687  7.015413E-16
5862.85696051692  7.123927E-16
5863.34233847698  7.002109E-16
5863.82771643704  7.138829E-16
5864.3130943971  7.185806E-16
5864.79847235715  7.481163E-16
5865.28385031721  7.186849E-16
5865.76922827727  7.127301E-16
5866.25460623733  7.232819E-16
5866.73998419738  7.409790E-16
5867.22536215744  7.250784E-16
5867.7107401175  7.140217E-16
5868.19611807755  7.134124E-16
5868.68149603761  7.184532E-16
5869.16687399767  7.123798E-16
5869.65225195773  7.123083E-16
5870.13762991778  7.312964E-16
5870.62300787784  7.211189E-16
5871.1083858379  7.293186E-16
5871.59376379795  7.308011E-16
5872.07914175801  7.422095E-16
5872.56451971807  7.348010E-16
5873.04989767813  7.250635E-16
5873.53527563819  7.227866E-16
5874.02065359824  7.060462E-16
5874.5060315583  7.132422E-16
5874.99140951836  7.003762E-16
5875.47678747841  7.149700E-16
5875.96216543847  7.475889E-16
5876.44754339853  7.416539E-16
5876.93292135858  7.668919E-16
5877.41829931864  7.447139E-16
5877.9036772787  7.462266E-16
5878.38905523876  7.622096E-16
5878.87443319881  7.493567E-16
5879.35981115887  7.600913E-16
5879.84518911893  7.607867E-16
5880.33056707898  7.751295E-16
5880.81594503904  7.589118E-16
5881.3013229991  7.533709E-16
5881.78670095916  7.574401E-16
5882.27207891921  7.298349E-16
5882.75745687927  7.258538E-16
5883.24283483933  7.371646E-16
5883.72821279939  7.237963E-16
5884.21359075944  7.125789E-16
5884.6989687195  6.944439E-16
5885.18434667956  6.919254E-16
5885.66972463961  7.080606E-16
5886.15510259967  7.058259E-16
5886.64048055973  7.019363E-16
5887.12585851979  6.899084E-16
5887.61123647984  6.140194E-16
5888.0966144399  4.915979E-16
5888.58199239996  3.458898E-16
5889.06737036002  2.365394E-16
5889.55274832007  2.445931E-16
5890.03812628013  3.396270E-16
5890.52350424019  5.053493E-16
5891.00888220024  6.272733E-16
5891.4942601603  6.800945E-16
5891.97963812036  7.042464E-16
5892.46501608042  7.207753E-16
5892.95039404047  7.197881E-16
5893.43577200053  6.931247E-16
5893.92114996059  5.938670E-16
5894.40652792064  4.487245E-16
5894.8919058807  3.516319E-16
5895.37728384076  3.093148E-16
5895.86266180082  3.926571E-16
5896.34803976087  5.677330E-16
5896.83341772093  6.847767E-16
5897.31879568099  7.822550E-16
5897.80417364105  8.290230E-16
5898.2895516011  8.324872E-16
5898.77492956116  8.535782E-16
5899.26030752122  8.611851E-16
5899.74568548127  8.675417E-16
5900.23106344133  8.361270E-16
5900.71644140139  8.263515E-16
5901.20181936145  8.378468E-16
5901.6871973215  8.364280E-16
5902.17257528156  8.563413E-16
5902.65795324162  8.556008E-16
5903.14333120168  8.230821E-16
5903.62870916173  8.122158E-16
5904.11408712179  8.302579E-16
5904.59946508185  8.364541E-16
5905.0848430419  8.385537E-16
5905.57022100196  8.317256E-16
5906.05559896202  8.375272E-16
5906.54097692208  8.046154E-16
5907.02635488213  8.062941E-16
5907.51173284219  8.260502E-16
5907.99711080225  7.965026E-16
5908.4824887623  8.025507E-16
5908.96786672236  8.233891E-16
5909.45324468242  8.198246E-16
5909.93862264248  8.055204E-16
5910.42400060253  7.938318E-16
5910.90937856259  7.925079E-16
5911.39475652265  8.225110E-16
5911.88013448271  8.049781E-16
5912.36551244276  7.851077E-16
5912.85089040282  8.034162E-16
5913.33626836288  8.041946E-16
5913.82164632293  7.778327E-16
5914.30702428299  7.579867E-16
5914.79240224305  7.633670E-16
5915.27778020311  7.818819E-16
5915.76315816316  7.627776E-16
5916.24853612322  8.142824E-16
5916.73391408328  8.067478E-16
5917.21929204333  7.532740E-16
5917.70467000339  7.443664E-16
5918.19004796345  7.691676E-16
5918.67542592351  7.561921E-16
5919.16080388356  7.499332E-16
5919.64618184362  7.716960E-16
5920.13155980368  7.699042E-16
5920.61693776373  7.640709E-16
5921.10231572379  7.562651E-16
5921.58769368385  7.278835E-16
5922.07307164391  7.329177E-16
5922.55844960396  7.550151E-16
5923.04382756402  7.293284E-16
5923.52920552408  7.254210E-16
5924.01458348414  7.311591E-16
5924.49996144419  7.349140E-16
5924.98533940425  7.377379E-16
5925.47071736431  7.493060E-16
5925.95609532437  7.400058E-16
5926.44147328442  7.225360E-16
5926.92685124448  7.270913E-16
5927.41222920454  6.953845E-16
5927.89760716459  6.947743E-16
5928.38298512465  7.163115E-16
5928.86836308471  7.069463E-16
5929.35374104477  6.963331E-16
5929.83911900482  7.038456E-16
5930.32449696488  7.071523E-16
5930.80987492494  7.311057E-16
5931.29525288499  7.174045E-16
5931.78063084505  7.114077E-16
5932.26600880511  6.879140E-16
5932.75138676517  7.095903E-16
5933.23676472522  7.095108E-16
5933.72214268528  7.047640E-16
5934.20752064534  7.135487E-16
5934.69289860539  7.274831E-16
5935.17827656545  6.948108E-16
5935.66365452551  7.139568E-16
5936.14903248557  7.184187E-16
5936.63441044562  6.823106E-16
5937.11978840568  6.868270E-16
5937.60516636574  7.075159E-16
5938.0905443258  6.895033E-16
5938.57592228585  6.979836E-16
5939.06130024591  6.882169E-16
5939.54667820597  7.008763E-16
5940.03205616602  6.866134E-16
5940.51743412608  6.966766E-16
5941.00281208614  7.089570E-16
5941.4881900462  7.047340E-16
5941.97356800625  6.852977E-16
5942.45894596631  6.732476E-16
5942.94432392637  7.140071E-16
5943.42970188642  7.054761E-16
5943.91507984648  6.907095E-16
5944.40045780654  6.722563E-16
5944.8858357666  6.788495E-16
5945.37121372665  6.659905E-16
5945.85659168671  6.645914E-16
5946.34196964677  6.906312E-16
5946.82734760683  7.038249E-16
5947.31272556688  6.942331E-16
5947.79810352694  6.869851E-16
5948.283481487  6.667795E-16
5948.76885944706  6.833549E-16
5949.25423740711  6.724877E-16
5949.73961536717  6.782918E-16
5950.22499332723  6.906367E-16
5950.71037128728  6.850282E-16
5951.19574924734  6.585503E-16
5951.6811272074  6.781472E-16
5952.16650516745  6.610287E-16
5952.65188312751  6.575985E-16
5953.13726108757  6.733556E-16
5953.62263904763  6.820376E-16
5954.10801700769  6.609080E-16
5954.59339496774  6.812587E-16
5955.0787729278  6.630901E-16
5955.56415088786  6.715071E-16
5956.04952884791  6.898532E-16
5956.53490680797  6.818223E-16
5957.02028476803  6.630020E-16
5957.50566272808  6.859623E-16
5957.99104068814  6.712026E-16
5958.4764186482  6.825701E-16
5958.96179660826  6.674761E-16
5959.44717456831  6.592377E-16
5959.93255252837  6.668157E-16
5960.41793048843  6.676825E-16
5960.90330844848  6.753798E-16
5961.38868640854  6.492269E-16
5961.8740643686  6.285994E-16
5962.35944232866  6.472270E-16
5962.84482028871  6.691466E-16
5963.33019824877  6.807763E-16
5963.81557620883  6.611290E-16
5964.30095416889  6.523572E-16
5964.78633212894  6.515934E-16
5965.271710089  6.595390E-16
5965.75708804906  6.413908E-16
5966.24246600911  6.191615E-16
5966.72784396917  6.550815E-16
5967.21322192923  6.684189E-16
5967.69859988929  6.536397E-16
5968.18397784934  6.566353E-16
5968.6693558094  6.675536E-16
5969.15473376946  6.550018E-16
5969.64011172952  6.311367E-16
5970.12548968957  6.409235E-16
5970.61086764963  6.658883E-16
5971.09624560969  6.795318E-16
5971.58162356974  6.693655E-16
5972.0670015298  6.503333E-16
5972.55237948986  6.669156E-16
5973.03775744992  6.706004E-16
5973.52313540997  6.648299E-16
5974.00851337003  6.742215E-16
5974.49389133009  6.666474E-16
5974.97926929015  6.704437E-16
5975.4646472502  6.906960E-16
5975.95002521026  6.855280E-16
5976.43540317032  6.597139E-16
5976.92078113037  6.537956E-16
5977.40615909043  6.775481E-16
5977.89153705049  6.836161E-16
5978.37691501055  6.620312E-16
5978.8622929706  6.698587E-16
5979.34767093066  6.797485E-16
5979.83304889072  6.793809E-16
5980.31842685077  6.734813E-16
5980.80380481083  6.744071E-16
5981.28918277089  6.796957E-16
5981.77456073095  6.663151E-16
5982.259938691  6.766043E-16
5982.74531665106  6.774255E-16
5983.23069461112  6.667210E-16
5983.71607257118  6.705774E-16
5984.20145053123  6.816253E-16
5984.68682849129  6.894427E-16
5985.17220645135  6.959490E-16
5985.6575844114  6.735136E-16
5986.14296237146  6.945062E-16
5986.62834033152  6.925100E-16
5987.11371829158  6.630105E-16
5987.59909625163  6.900201E-16
5988.08447421169  6.860289E-16
5988.56985217175  6.765671E-16
5989.05523013181  6.817721E-16
5989.54060809186  6.698404E-16
5990.02598605192  6.976219E-16
5990.51136401198  7.129432E-16
5990.99674197203  7.501158E-16
5991.48211993209  7.331814E-16
5991.96749789215  7.114906E-16
5992.45287585221  6.863650E-16
5992.93825381226  6.708864E-16
5993.42363177232  6.846633E-16
5993.90900973238  6.775657E-16
5994.39438769243  6.698359E-16
5994.87976565249  6.455499E-16
5995.36514361255  6.498334E-16
5995.8505215726  6.750946E-16
5996.33589953266  6.612452E-16
5996.82127749272  6.581251E-16
5997.30665545278  6.749985E-16
5997.79203341284  6.769444E-16
5998.27741137289  6.630253E-16
5998.76278933295  6.093894E-16
5999.24816729301  6.811139E-16
5999.73354525306  6.664733E-16
6000.21892321312  6.539921E-16
6000.70430117318  6.445523E-16
6001.18967913324  6.570948E-16
6001.67505709329  6.685484E-16
6002.16043505335  6.683421E-16
6002.64581301341  6.668855E-16
6003.13119097346  6.839346E-16
6003.61656893352  6.644519E-16
6004.10194689358  6.582919E-16
6004.58732485364  6.767586E-16
6005.07270281369  6.708504E-16
6005.55808077375  6.707718E-16
6006.04345873381  6.799833E-16
6006.52883669387  6.452136E-16
6007.01421465392  6.376558E-16
6007.49959261398  6.722898E-16
6007.98497057404  6.612160E-16
6008.47034853409  6.343451E-16
6008.95572649415  6.555548E-16
6009.44110445421  6.323585E-16
6009.92648241427  6.162915E-16
6010.41186037432  6.251925E-16
6010.89723833438  6.407920E-16
6011.38261629444  6.442822E-16
6011.86799425449  6.572121E-16
6012.35337221455  6.636374E-16
6012.83875017461  6.266114E-16
6013.32412813467  6.735911E-16
6013.80950609472  6.569135E-16
6014.29488405478  6.247330E-16
6014.78026201484  6.402826E-16
6015.2656399749  6.655016E-16
6015.75101793495  6.774899E-16
6016.23639589501  6.309625E-16
6016.72177385507  6.531563E-16
6017.20715181512  6.488415E-16
6017.69252977518  6.416845E-16
6018.17790773524  6.430198E-16
6018.6632856953  6.483080E-16
6019.14866365535  6.673081E-16
6019.63404161541  6.427264E-16
6020.11941957547  6.470209E-16
6020.60479753553  6.412147E-16
6021.09017549558  6.414127E-16
6021.57555345564  6.643117E-16
6022.0609314157  6.657583E-16
6022.54630937575  6.655191E-16
6023.03168733581  6.518943E-16
6023.51706529587  6.484755E-16
6024.00244325593  6.375448E-16
6024.48782121598  6.710125E-16
6024.97319917604  6.476401E-16
6025.4585771361  6.369866E-16
6025.94395509616  6.370298E-16
6026.42933305621  6.500745E-16
6026.91471101627  6.315936E-16
6027.40008897633  6.384354E-16
6027.88546693638  6.403180E-16
6028.37084489644  6.521380E-16
6028.8562228565  6.482492E-16
6029.34160081656  6.289469E-16
6029.82697877661  6.302707E-16
6030.31235673667  6.430039E-16
6030.79773469673  6.648137E-16
6031.28311265678  6.994354E-16
6031.76849061684  6.489111E-16
6032.2538685769  6.443814E-16
6032.73924653696  6.572474E-16
6033.22462449701  6.555964E-16
6033.71000245707  6.835607E-16
6034.19538041713  6.328561E-16
6034.68075837719  6.496741E-16
6035.16613633724  6.551405E-16
6035.6515142973  6.198988E-16
6036.13689225736  6.527596E-16
6036.62227021741  6.784832E-16
6037.10764817747  6.660140E-16
6037.59302613753  6.526245E-16
6038.07840409758  6.624607E-16
6038.56378205764  6.627833E-16
6039.0491600177  6.551193E-16
6039.53453797776  6.536431E-16
6040.01991593781  6.590187E-16
6040.50529389787  6.467878E-16
6040.99067185793  6.511112E-16
6041.47604981799  6.814695E-16
6041.96142777804  6.572255E-16
6042.4468057381  6.374183E-16
6042.93218369816  6.459638E-16
6043.41756165822  6.791967E-16
6043.90293961827  6.795053E-16
6044.38831757833  6.728775E-16
6044.87369553839  6.929430E-16
6045.35907349844  6.867416E-16
6045.8444514585  6.571807E-16
6046.32982941856  6.531404E-16
6046.81520737862  6.252902E-16
6047.30058533867  6.394331E-16
6047.78596329873  6.309468E-16
6048.27134125879  6.720416E-16
6048.75671921884  6.814475E-16
6049.2420971789  6.486642E-16
6049.72747513896  6.492358E-16
6050.21285309902  6.596648E-16
6050.69823105907  6.884643E-16
6051.18360901913  6.502171E-16
6051.66898697919  6.305287E-16
6052.15436493925  6.643223E-16
6052.6397428993  6.825658E-16
6053.12512085936  6.607823E-16
6053.61049881942  6.597346E-16
6054.09587677947  6.560912E-16
6054.58125473953  6.685683E-16
6055.06663269959  6.628887E-16
6055.55201065965  6.587372E-16
6056.0373886197  6.646992E-16
6056.52276657976  6.520862E-16
6057.00814453982  6.539958E-16
6057.49352249987  6.676993E-16
6057.97890045993  6.553371E-16
6058.46427841999  6.527037E-16
6058.94965638005  6.720720E-16
6059.4350343401  6.819838E-16
6059.92041230016  6.941838E-16
6060.40579026022  6.862539E-16
6060.89116822028  6.657440E-16
6061.37654618033  6.831223E-16
6061.86192414039  6.881625E-16
6062.34730210045  6.699649E-16
6062.8326800605  6.409886E-16
6063.31805802056  6.696970E-16
6063.80343598062  6.942888E-16
6064.28881394068  6.632537E-16
6064.77419190073  6.397724E-16
6065.25956986079  6.434127E-16
6065.74494782085  6.633418E-16
6066.23032578091  6.718858E-16
6066.71570374096  6.808962E-16
6067.20108170102  6.789751E-16
6067.68645966108  6.601007E-16
6068.17183762113  6.596615E-16
6068.65721558119  6.851595E-16
6069.14259354125  6.854181E-16
6069.62797150131  6.681103E-16
6070.11334946136  6.734132E-16
6070.59872742142  6.622721E-16
6071.08410538148  6.494012E-16
6071.56948334154  6.597316E-16
6072.05486130159  6.844608E-16
6072.54023926165  6.876349E-16
6073.02561722171  6.760503E-16
6073.51099518176  6.679293E-16
6073.99637314182  6.431201E-16
6074.48175110188  6.419475E-16
6074.96712906193  6.749610E-16
6075.45250702199  7.025437E-16
6075.93788498205  6.837853E-16
6076.42326294211  6.568453E-16
6076.90864090216  6.772504E-16
6077.39401886222  6.879819E-16
6077.87939682228  6.725751E-16
6078.36477478234  6.724280E-16
6078.85015274239  6.915035E-16
6079.33553070245  6.992840E-16
6079.82090866251  6.822488E-16
6080.30628662256  7.010956E-16
6080.79166458262  7.326183E-16
6081.27704254268  6.875816E-16
6081.76242050274  6.620967E-16
6082.24779846279  6.853899E-16
6082.73317642285  6.695141E-16
6083.21855438291  6.819902E-16
6083.70393234296  7.299113E-16
6084.18931030302  7.449771E-16
6084.67468826308  7.089383E-16
6085.16006622314  6.919108E-16
6085.64544418319  6.861175E-16
6086.13082214325  6.857708E-16
6086.61620010331  6.729663E-16
6087.10157806337  6.695565E-16
6087.58695602342  7.030175E-16
6088.07233398348  6.761281E-16
6088.55771194354  6.657108E-16
6089.0430899036  6.652589E-16
6089.52846786365  6.553275E-16
6090.01384582371  6.768804E-16
6090.49922378377  6.774636E-16
6090.98460174382  7.069412E-16
6091.46997970388  7.114179E-16
6091.95535766394  6.708388E-16
6092.44073562399  6.863479E-16
6092.92611358405  7.045353E-16
6093.41149154411  6.865304E-16
6093.89686950417  6.733716E-16
6094.38224746422  6.944996E-16
6094.86762542428  7.009079E-16
6095.35300338434  7.076822E-16
6095.8383813444  7.167837E-16
6096.32375930445  7.168457E-16
6096.80913726451  7.030890E-16
6097.29451522457  7.116325E-16
6097.77989318462  7.350929E-16
6098.26527114468  7.269004E-16
6098.75064910474  7.165250E-16
6099.2360270648  6.893520E-16
6099.72140502485  6.924486E-16
6100.20678298491  6.905558E-16
6100.69216094497  6.945526E-16
6101.17753890503  6.965400E-16
6101.66291686508  6.749631E-16
6102.14829482514  7.241145E-16
6102.6336727852  7.727967E-16
6103.11905074525  7.389555E-16
6103.60442870531  7.458579E-16
6104.08980666537  7.129507E-16
6104.57518462543  7.128724E-16
6105.06056258548  7.133160E-16
6105.54594054554  7.334616E-16
6106.0313185056  7.585637E-16
6106.51669646565  7.269640E-16
6107.00207442571  7.467461E-16
6107.48745238577  7.101904E-16
6107.97283034583  7.193268E-16
6108.45820830588  7.296972E-16
6108.94358626594  6.902192E-16
6109.428964226  7.308722E-16
6109.91434218606  7.122835E-16
6110.39972014611  7.392778E-16
6110.88509810617  7.224199E-16
6111.37047606623  7.392375E-16
6111.85585402628  7.378375E-16
6112.34123198634  7.372884E-16
6112.8266099464  7.402261E-16
6113.31198790646  7.417744E-16
6113.79736586651  7.404493E-16
6114.28274382657  7.069452E-16
6114.76812178663  7.615943E-16
6115.25349974669  7.573516E-16
6115.73887770674  7.475127E-16
6116.2242556668  7.404465E-16
6116.70963362686  7.673692E-16
6117.19501158691  7.615115E-16
6117.68038954697  7.353914E-16
6118.16576750703  7.038634E-16
6118.65114546709  7.377955E-16
6119.13652342714  7.405951E-16
6119.6219013872  7.508241E-16
6120.10727934726  7.272238E-16
6120.59265730731  7.294519E-16
6121.07803526737  7.583500E-16
6121.56341322743  7.560730E-16
6122.04879118749  7.366023E-16
6122.53416914755  7.248931E-16
6123.0195471076  7.610292E-16
6123.50492506766  7.569429E-16
6123.99030302772  7.244037E-16
6124.47568098777  7.435964E-16
6124.96105894783  7.770494E-16
6125.44643690789  7.717610E-16
6125.93181486794  7.586088E-16
6126.417192828  7.307450E-16
6126.90257078806  7.539170E-16
6127.38794874812  7.608275E-16
6127.87332670817  7.598046E-16
6128.35870466823  7.178293E-16
6128.84408262829  7.113305E-16
6129.32946058834  7.608782E-16
6129.8148385484  7.571045E-16
6130.30021650846  7.608544E-16
6130.78559446852  7.479935E-16
6131.27097242857  7.325109E-16
6131.75635038863  7.478211E-16
6132.24172834869  7.456279E-16
6132.72710630875  7.432158E-16
6133.2124842688  7.358156E-16
6133.69786222886  7.710850E-16
6134.18324018892  7.896738E-16
6134.66861814897  7.493649E-16
6135.15399610903  7.397883E-16
6135.63937406909  7.546072E-16
6136.12475202915  7.625413E-16
6136.6101299892  7.268498E-16
6137.09550794926  7.565299E-16
6137.58088590932  7.319206E-16
6138.06626386938  7.653783E-16
6138.55164182943  7.588184E-16
6139.03701978949  7.378726E-16
6139.52239774955  7.336055E-16
6140.0077757096  7.077513E-16
6140.49315366966  7.366705E-16
6140.97853162972  7.477091E-16
6141.46390958978  7.460035E-16
6141.94928754983  7.596352E-16
6142.43466550989  7.456448E-16
6142.92004346995  7.368752E-16
6143.40542143001  7.579594E-16
6143.89079939006  7.453325E-16
6144.37617735012  7.422198E-16
6144.86155531018  7.728681E-16
6145.34693327023  7.690169E-16
6145.83231123029  7.248355E-16
6146.31768919035  6.693756E-16
6146.80306715041  7.109016E-16
6147.28844511046  7.291050E-16
6147.77382307052  7.036743E-16
6148.25920103058  7.013846E-16
6148.74457899063  7.627541E-16
6149.22995695069  7.642434E-16
6149.71533491075  7.867860E-16
6150.20071287081  7.206804E-16
6150.68609083086  7.143829E-16
6151.17146879092  7.464992E-16
6151.65684675098  7.291927E-16
6152.14222471104  7.160080E-16
6152.62760267109  7.450116E-16
6153.11298063115  7.482065E-16
6153.59835859121  7.127873E-16
6154.08373655126  7.105243E-16
6154.56911451132  7.333862E-16
6155.05449247138  7.139380E-16
6155.53987043143  7.359480E-16
6156.02524839149  7.499527E-16
6156.51062635155  7.218715E-16
6156.99600431161  7.170148E-16
6157.48138227167  7.322257E-16
6157.96676023172  7.474249E-16
6158.45213819178  7.151359E-16
6158.93751615184  7.077306E-16
6159.42289411189  6.861975E-16
6159.90827207195  7.211267E-16
6160.39365003201  7.444129E-16
6160.87902799207  7.122631E-16
6161.36440595212  6.989784E-16
6161.84978391218  7.319857E-16
6162.33516187224  7.318472E-16
6162.82053983229  7.068018E-16
6163.30591779235  6.934610E-16
6163.79129575241  7.149172E-16
6164.27667371246  6.834519E-16
6164.76205167252  6.974219E-16
6165.24742963258  7.021481E-16
6165.73280759264  6.551048E-16
6166.2181855527  6.928096E-16
6166.70356351275  7.065910E-16
6167.18894147281  7.280857E-16
6167.67431943287  7.135464E-16
6168.15969739292  7.286733E-16
6168.64507535298  7.131412E-16
6169.13045331304  7.110292E-16
6169.6158312731  7.103010E-16
6170.10120923315  6.900057E-16
6170.58658719321  7.336280E-16
6171.07196515327  7.340750E-16
6171.55734311332  7.255932E-16
6172.04272107338  7.072210E-16
6172.52809903344  6.998632E-16
6173.0134769935  7.090429E-16
6173.49885495355  7.018352E-16
6173.98423291361  7.051956E-16
6174.46961087367  7.217654E-16
6174.95498883372  7.188057E-16
6175.44036679378  7.276333E-16
6175.92574475384  7.208734E-16
6176.4111227139  7.255517E-16
6176.89650067395  7.215174E-16
6177.38187863401  7.067134E-16
6177.86725659407  6.832664E-16
6178.35263455413  6.900207E-16
6178.83801251418  7.105197E-16
6179.32339047424  7.028830E-16
6179.8087684343  7.116454E-16
6180.29414639435  7.275600E-16
6180.77952435441  7.463525E-16
6181.26490231447  7.234127E-16
6181.75028027453  7.343639E-16
6182.23565823458  7.320528E-16
6182.72103619464  7.187705E-16
6183.2064141547  7.351681E-16
6183.69179211475  7.011917E-16
6184.17717007481  7.052592E-16
6184.66254803487  7.120555E-16
6185.14792599493  7.239890E-16
6185.63330395498  7.344260E-16
6186.11868191504  7.369836E-16
6186.6040598751  7.402152E-16
6187.08943783515  7.537010E-16
6187.57481579521  7.559422E-16
6188.06019375527  7.505540E-16
6188.54557171533  7.322636E-16
6189.03094967538  7.315352E-16
6189.51632763544  7.461131E-16
6190.0017055955  7.365924E-16
6190.48708355556  7.355495E-16
6190.97246151561  7.164158E-16
6191.45783947567  7.505878E-16
6191.94321743573  7.630528E-16
6192.42859539578  7.460259E-16
6192.91397335584  7.168448E-16
6193.3993513159  7.512202E-16
6193.88472927596  7.572422E-16
6194.37010723601  7.597387E-16
6194.85548519607  7.328154E-16
6195.34086315613  7.391595E-16
6195.82624111619  7.291299E-16
6196.31161907624  7.288024E-16
6196.7969970363  7.539923E-16
6197.28237499636  7.415571E-16
6197.76775295641  7.410171E-16
6198.25313091647  7.608147E-16
6198.73850887653  7.388813E-16
6199.22388683659  7.727315E-16
6199.70926479664  7.919873E-16
6200.1946427567  8.163702E-16
6200.68002071676  8.115768E-16
6201.16539867682  7.884974E-16
6201.65077663687  7.777230E-16
6202.13615459693  7.698723E-16
6202.62153255699  7.576789E-16
6203.10691051704  7.385511E-16
6203.5922884771  7.143209E-16
6204.07766643716  7.309124E-16
6204.56304439722  7.654378E-16
6205.04842235727  7.681828E-16
6205.53380031733  7.666326E-16
6206.01917827739  8.037761E-16
6206.50455623744  7.871956E-16
6206.9899341975  7.699455E-16
6207.47531215756  7.665806E-16
6207.96069011762  7.615284E-16
6208.44606807767  7.656759E-16
6208.93144603773  7.857152E-16
6209.41682399779  7.829253E-16
6209.90220195785  7.997092E-16
6210.3875799179  7.890017E-16
6210.87295787796  8.013832E-16
6211.35833583802  7.886832E-16
6211.84371379807  7.510376E-16
6212.32909175813  7.706952E-16
6212.81446971819  7.945322E-16
6213.29984767825  7.828395E-16
6213.7852256383  7.456186E-16
6214.27060359836  7.727453E-16
6214.75598155842  7.697265E-16
6215.24135951847  7.413925E-16
6215.72673747853  7.937266E-16
6216.21211543859  8.263460E-16
6216.69749339865  8.049961E-16
6217.1828713587  8.004477E-16
6217.66824931876  8.249273E-16
6218.15362727882  8.057763E-16
6218.63900523888  7.861304E-16
6219.12438319893  7.770361E-16
6219.60976115899  7.992834E-16
6220.09513911905  8.113806E-16
6220.5805170791  7.695706E-16
6221.06589503916  7.976309E-16
6221.55127299922  8.156241E-16
6222.03665095928  7.892362E-16
6222.52202891933  8.002377E-16
6223.00740687939  7.856623E-16
6223.49278483945  7.954362E-16
6223.9781627995  7.914676E-16
6224.46354075956  8.088646E-16
6224.94891871962  8.238596E-16
6225.43429667968  8.025408E-16
6225.91967463973  8.048930E-16
6226.40505259979  8.362723E-16
6226.89043055985  8.141503E-16
6227.37580851991  7.801626E-16
6227.86118647996  7.926208E-16
6228.34656444002  8.294677E-16
6228.83194240008  8.125684E-16
6229.31732036014  8.264596E-16
6229.80269832019  8.166655E-16
6230.28807628025  8.229248E-16
6230.77345424031  8.299902E-16
6231.25883220036  8.127451E-16
6231.74421016042  8.011294E-16
6232.22958812048  8.198547E-16
6232.71496608054  8.198729E-16
6233.20034404059  8.016688E-16
6233.68572200065  7.982793E-16
6234.17109996071  7.711346E-16
6234.65647792076  7.520628E-16
6235.14185588082  7.533663E-16
6235.62723384088  7.730959E-16
6236.11261180094  7.324595E-16
6236.59798976099  6.965140E-16
6237.08336772105  6.913213E-16
6237.56874568111  7.306618E-16
6238.05412364117  7.580494E-16
6238.53950160122  7.498724E-16
6239.02487956128  7.739956E-16
6239.51025752134  7.837303E-16
6239.9956354814  7.955576E-16
6240.48101344145  8.080037E-16
6240.96639140151  8.051680E-16
6241.45176936157  8.232768E-16
6241.93714732162  7.758907E-16
6242.42252528168  8.003271E-16
6242.90790324174  8.200249E-16
6243.39328120179  8.052093E-16
6243.87865916185  7.840754E-16
6244.36403712191  7.616965E-16
6244.84941508197  7.589769E-16
6245.33479304202  7.499513E-16
6245.82017100208  7.271670E-16
6246.30554896214  6.822574E-16
6246.7909269222  7.040041E-16
6247.27630488225  7.978015E-16
6247.76168284231  8.252353E-16
6248.24706080237  7.801855E-16
6248.73243876242  7.855866E-16
6249.21781672248  7.896884E-16
6249.70319468254  7.696147E-16
6250.1885726426  7.642331E-16
6250.67395060265  7.334765E-16
6251.15932856271  7.713145E-16
6251.64470652277  8.078765E-16
6252.13008448282  7.848580E-16
6252.61546244288  7.682099E-16
6253.10084040294  7.663296E-16
6253.586218363  7.797908E-16
6254.07159632305  7.879224E-16
6254.55697428311  7.758336E-16
6255.04235224317  7.858415E-16
6255.52773020323  7.798116E-16
6256.01310816328  7.424800E-16
6256.49848612334  7.643319E-16
6256.9838640834  7.642707E-16
6257.46924204345  7.336346E-16
6257.95462000351  7.413836E-16
6258.43999796357  7.502088E-16
6258.92537592363  7.768052E-16
6259.41075388368  7.600278E-16
6259.89613184374  7.206136E-16
6260.3815098038  7.326270E-16
6260.86688776385  7.605553E-16
6261.35226572391  7.628053E-16
6261.83764368397  7.518121E-16
6262.32302164403  7.667560E-16
6262.80839960408  7.564692E-16
6263.29377756414  7.671654E-16
6263.7791555242  7.662753E-16
6264.26453348425  7.415663E-16
6264.74991144431  7.750470E-16
6265.23528940437  7.756490E-16
6265.72066736443  7.456528E-16
6266.20604532448  7.677319E-16
6266.69142328454  7.721404E-16
6267.1768012446  7.620224E-16
6267.66217920466  7.552575E-16
6268.14755716471  7.401426E-16
6268.63293512477  7.481674E-16
6269.11831308483  7.411550E-16
6269.60369104489  7.304797E-16
6270.08906900494  7.374336E-16
6270.574446965  7.571204E-16
6271.05982492506  7.691822E-16
6271.54520288511  7.748774E-16
6272.03058084517  7.457701E-16
6272.51595880523  7.443587E-16
6273.00133676529  7.444615E-16
6273.48671472534  7.321437E-16
6273.9720926854  7.614491E-16
6274.45747064546  7.576687E-16
6274.94284860551  7.311242E-16
6275.42822656557  7.353683E-16
6275.91360452563  7.416001E-16
6276.39898248569  7.129742E-16
6276.88436044574  7.124422E-16
6277.3697384058  7.476150E-16
6277.85511636586  7.373661E-16
6278.34049432592  7.011812E-16
6278.82587228597  7.039180E-16
6279.31125024603  7.341949E-16
6279.79662820609  7.467230E-16
6280.28200616614  7.353747E-16
6280.7673841262  7.422264E-16
6281.25276208626  7.664678E-16
6281.73814004632  7.585126E-16
6282.22351800637  7.474597E-16
6282.70889596643  7.369309E-16
6283.19427392649  7.260463E-16
6283.67965188654  7.224302E-16
6284.1650298466  7.138826E-16
6284.65040780666  7.485689E-16
6285.13578576672  7.596519E-16
6285.62116372677  7.460185E-16
6286.10654168683  7.348742E-16
6286.59191964689  7.438050E-16
6287.07729760695  7.462068E-16
6287.562675567  7.240647E-16
6288.04805352706  7.559540E-16
6288.53343148712  7.357815E-16
6289.01880944717  6.972576E-16
6289.50418740723  7.375933E-16
6289.98956536729  7.481534E-16
6290.47494332735  7.264033E-16
6290.9603212874  7.124130E-16
6291.44569924746  7.116670E-16
6291.93107720752  7.338133E-16
6292.41645516757  7.504780E-16
6292.90183312763  7.388559E-16
6293.38721108769  7.274164E-16
6293.87258904775  7.290764E-16
6294.3579670078  7.505781E-16
6294.84334496786  7.431967E-16
6295.32872292792  7.444944E-16
6295.81410088798  7.594820E-16
6296.29947884803  7.527632E-16
6296.78485680809  7.479876E-16
6297.27023476815  7.550344E-16
6297.7556127282  7.744951E-16
6298.24099068826  7.515755E-16
6298.72636864832  7.410131E-16
6299.21174660838  7.807475E-16
6299.69712456843  7.893973E-16
6300.18250252849  7.502918E-16
6300.66788048855  7.475510E-16
6301.15325844861  7.354796E-16
6301.63863640866  7.248971E-16
6302.12401436872  7.361060E-16
6302.60939232878  7.476278E-16
6303.09477028883  7.407500E-16
6303.58014824889  7.486399E-16
6304.06552620895  7.501383E-16
6304.550904169  7.303731E-16
6305.03628212906  7.601864E-16
6305.52166008912  7.504849E-16
6306.00703804918  7.371747E-16
6306.49241600924  7.445984E-16
6306.97779396929  7.487517E-16
6307.46317192935  7.533072E-16
6307.94854988941  7.348796E-16
6308.43392784946  7.009326E-16
6308.91930580952  6.932539E-16
6309.40468376958  7.311534E-16
6309.89006172964  7.397840E-16
6310.37543968969  7.513342E-16
6310.86081764975  7.494174E-16
6311.34619560981  7.320816E-16
6311.83157356986  7.367396E-16
6312.31695152992  7.435359E-16
6312.80232948998  7.191224E-16
6313.28770745004  7.137864E-16
6313.77308541009  7.386168E-16
6314.25846337015  7.324330E-16
6314.74384133021  7.623001E-16
6315.22921929026  7.683819E-16
6315.71459725032  7.694916E-16
6316.19997521038  7.618352E-16
6316.68535317044  7.491433E-16
6317.17073113049  7.718885E-16
6317.65610909055  7.482954E-16
6318.14148705061  7.511663E-16
6318.62686501067  7.663980E-16
6319.11224297072  7.602996E-16
6319.59762093078  7.764422E-16
6320.08299889084  7.729473E-16
6320.56837685089  7.503610E-16
6321.05375481095  7.437518E-16
6321.53913277101  7.304426E-16
6322.02451073107  7.380097E-16
6322.50988869112  7.444907E-16
6322.99526665118  7.269982E-16
6323.48064461124  7.338571E-16
6323.96602257129  7.370362E-16
6324.45140053135  7.461329E-16
6324.93677849141  7.372574E-16
6325.42215645147  7.480894E-16
6325.90753441152  7.578623E-16
6326.39291237158  7.268092E-16
6326.87829033164  7.565011E-16
6327.3636682917  7.476153E-16
6327.84904625175  7.256640E-16
6328.33442421181  7.547313E-16
6328.81980217187  7.591261E-16
6329.30518013193  7.494820E-16
6329.79055809198  7.798183E-16
6330.27593605204  7.823666E-16
6330.7613140121  7.546079E-16
6331.24669197215  7.618342E-16
6331.73206993221  7.807643E-16
6332.21744789227  7.773906E-16
6332.70282585232  7.651835E-16
6333.18820381238  7.590589E-16
6333.67358177244  7.551221E-16
6334.1589597325  7.828827E-16
6334.64433769256  7.788150E-16
6335.12971565261  7.177804E-16
6335.61509361267  7.515444E-16
6336.10047157273  7.633840E-16
6336.58584953278  7.327678E-16
6337.07122749284  7.567567E-16
6337.5566054529  7.636975E-16
6338.04198341295  7.527032E-16
6338.52736137301  7.629243E-16
6339.01273933307  7.662071E-16
6339.49811729313  7.336577E-16
6339.98349525318  7.407328E-16
6340.46887321324  7.640430E-16
6340.9542511733  7.973735E-16
6341.43962913335  7.845695E-16
6341.92500709341  7.620877E-16
6342.41038505347  7.811492E-16
6342.89576301353  7.835505E-16
6343.38114097358  7.669843E-16
6343.86651893364  7.676697E-16
6344.3518968937  7.749031E-16
6344.83727485376  7.658468E-16
6345.32265281381  7.250946E-16
6345.80803077387  6.691535E-16
6346.29340873393  7.122743E-16
6346.77878669398  7.868470E-16
6347.26416465404  7.912695E-16
6347.7495426141  8.024936E-16
6348.23492057416  7.789613E-16
6348.72029853421  7.573375E-16
6349.20567649427  7.742318E-16
6349.69105445433  7.796791E-16
6350.17643241439  7.768766E-16
6350.66181037444  7.715384E-16
6351.1471883345  7.880492E-16
6351.63256629456  7.707098E-16
6352.11794425461  7.735173E-16
6352.60332221467  7.925357E-16
6353.08870017473  7.858242E-16
6353.57407813479  8.103626E-16
6354.05945609484  8.076617E-16
6354.5448340549  7.819921E-16
6355.03021201496  7.745087E-16
6355.51558997501  7.728031E-16
6356.00096793507  7.697654E-16
6356.48634589513  7.689684E-16
6356.97172385519  7.855995E-16
6357.45710181525  8.182082E-16
6357.9424797753  8.000799E-16
6358.42785773536  7.747261E-16
6358.91323569542  7.943523E-16
6359.39861365547  8.040187E-16
6359.88399161553  7.858963E-16
6360.36936957559  7.989362E-16
6360.85474753565  8.078493E-16
6361.3401254957  7.697132E-16
6361.82550345576  7.743682E-16
6362.31088141582  7.816453E-16
6362.79625937587  7.801304E-16
6363.28163733593  8.273766E-16
6363.76701529599  8.341807E-16
6364.25239325605  8.262203E-16
6364.7377712161  8.143630E-16
6365.22314917616  8.030649E-16
6365.70852713622  7.849663E-16
6366.19390509627  7.889388E-16
6366.67928305633  8.272990E-16
6367.16466101639  8.389965E-16
6367.65003897645  7.959326E-16
6368.1354169365  7.671513E-16
6368.62079489656  8.000107E-16
6369.10617285662  8.403170E-16
6369.59155081667  8.150777E-16
6370.07692877673  7.385531E-16
6370.56230673679  7.636188E-16
6371.04768469685  7.947702E-16
6371.5330626569  8.085546E-16
6372.01844061696  8.230262E-16
6372.50381857702  8.030394E-16
6372.98919653708  8.124906E-16
6373.47457449713  8.216817E-16
6373.95995245719  8.387647E-16
6374.44533041725  8.326599E-16
6374.9307083773  7.988173E-16
6375.41608633736  7.892274E-16
6375.90146429742  7.927514E-16
6376.38684225748  8.085769E-16
6376.87222021753  8.303676E-16
6377.35759817759  8.165459E-16
6377.84297613765  8.003102E-16
6378.32835409771  8.042236E-16
6378.81373205776  8.088447E-16
6379.29911001782  8.078569E-16
6379.78448797788  7.974008E-16
6380.26986593793  8.269206E-16
6380.75524389799  8.196387E-16
6381.24062185805  8.062107E-16
6381.72599981811  8.455218E-16
6382.21137777816  8.366139E-16
6382.69675573822  8.083980E-16
6383.18213369828  8.268405E-16
6383.66751165833  8.422554E-16
6384.15288961839  8.175417E-16
6384.63826757845  8.061806E-16
6385.12364553851  8.035411E-16
6385.60902349856  8.113667E-16
6386.09440145862  8.380841E-16
6386.57977941868  8.452187E-16
6387.06515737874  8.473213E-16
6387.55053533879  8.372005E-16
6388.03591329885  8.285988E-16
6388.52129125891  8.275223E-16
6389.00666921896  8.460403E-16
6389.49204717902  8.576372E-16
6389.97742513908  8.730698E-16
6390.46280309914  8.818335E-16
6390.94818105919  8.324781E-16
6391.43355901925  8.612057E-16
6391.91893697931  8.721890E-16
6392.40431493936  8.490731E-16
6392.88969289942  8.486047E-16
6393.37507085948  8.123610E-16
6393.86044881954  8.097648E-16
6394.34582677959  8.586844E-16
6394.83120473965  8.653306E-16
6395.31658269971  8.338225E-16
6395.80196065977  8.304436E-16
6396.28733861982  8.384916E-16
6396.77271657988  8.464536E-16
6397.25809453994  8.302316E-16
6397.7434725  8.533074E-16
6398.22885046005  8.691549E-16
6398.71422842011  8.521076E-16
6399.19960638017  8.586539E-16
6399.68498434022  8.615064E-16
6400.17036230028  8.663039E-16
6400.65574026034  8.909357E-16
6401.1411182204  8.759675E-16
6401.62649618045  8.700759E-16
6402.11187414051  8.889255E-16
6402.59725210057  8.915582E-16
6403.08263006062  8.874737E-16
6403.56800802068  8.648127E-16
6404.05338598074  8.396657E-16
6404.5387639408  8.709880E-16
6405.02414190085  8.886297E-16
6405.50951986091  8.655837E-16
6405.99489782097  8.513720E-16
6406.48027578102  8.843897E-16
6406.96565374108  9.167684E-16
6407.45103170114  9.032799E-16
6407.9364096612  9.060735E-16
6408.42178762125  8.825121E-16
6408.90716558131  8.773969E-16
6409.39254354137  8.891628E-16
6409.87792150142  9.059647E-16
6410.36329946148  9.002390E-16
6410.84867742154  8.992748E-16
6411.3340553816  9.287785E-16
6411.81943334165  9.141415E-16
6412.30481130171  9.265415E-16
6412.79018926177  9.305977E-16
6413.27556722182  8.799087E-16
6413.76094518188  9.360763E-16
6414.24632314194  9.315721E-16
6414.731701102  8.848259E-16
6415.21707906206  8.602021E-16
6415.70245702211  8.452607E-16
6416.18783498217  8.988175E-16
6416.67321294223  9.476279E-16
6417.15859090228  9.582095E-16
6417.64396886234  9.162586E-16
6418.1293468224  9.180129E-16
6418.61472478246  9.383014E-16
6419.10010274251  9.890957E-16
6419.58548070257  9.416335E-16
6420.07085866263  8.958438E-16
6420.55623662268  9.362421E-16
6421.04161458274  9.485665E-16
6421.5269925428  9.481522E-16
6422.01237050286  9.407217E-16
6422.49774846291  9.408194E-16
6422.98312642297  9.440035E-16
6423.46850438303  9.605627E-16
6423.95388234308  9.496945E-16
6424.43926030314  9.491261E-16
6424.9246382632  9.478443E-16
6425.41001622326  9.218027E-16
6425.89539418331  9.318541E-16
6426.38077214337  9.307359E-16
6426.86615010343  9.220515E-16
6427.35152806348  9.507188E-16
6427.83690602354  9.968000E-16
6428.3222839836  9.946246E-16
6428.80766194366  9.786558E-16
6429.29303990371  9.734517E-16
6429.77841786377  9.713884E-16
6430.26379582383  9.428717E-16
6430.74917378389  9.579388E-16
6431.23455174394  9.179370E-16
6431.719929704  9.336791E-16
6432.20530766406  1.018506E-15
6432.69068562411  1.025813E-15
6433.17606358417  9.978740E-16
6433.66144154423  9.830222E-16
6434.14681950429  9.808112E-16
6434.63219746434  9.949391E-16
6435.1175754244  1.002110E-15
6435.60295338446  9.893103E-16
6436.08833134452  9.675831E-16
6436.57370930457  9.917059E-16
6437.05908726463  9.688776E-16
6437.54446522469  9.487787E-16
6438.02984318474  9.715347E-16
6438.5152211448  9.749956E-16
6439.00059910486  9.721433E-16
6439.48597706492  9.645784E-16
6439.97135502497  9.585219E-16
6440.45673298503  9.821753E-16
6440.94211094509  9.991462E-16
6441.42748890514  9.925260E-16
6441.9128668652  1.018131E-15
6442.39824482526  1.035598E-15
6442.88362278532  1.018985E-15
6443.36900074537  1.018628E-15
6443.85437870543  9.826162E-16
6444.33975666549  9.863441E-16
6444.82513462555  1.005180E-15
6445.3105125856  1.026589E-15
6445.79589054566  1.042473E-15
6446.28126850572  1.049437E-15
6446.76664646577  1.021341E-15
6447.25202442583  1.027081E-15
6447.73740238589  1.052097E-15
6448.22278034595  1.007624E-15
6448.708158306  1.027356E-15
6449.19353626606  1.019898E-15
6449.67891422612  1.025748E-15
6450.16429218618  1.073527E-15
6450.64967014623  1.068127E-15
6451.13504810629  1.054491E-15
6451.62042606635  1.054754E-15
6452.1058040264  1.030659E-15
6452.59118198646  1.095571E-15
6453.07655994652  1.068753E-15
6453.56193790658  1.056295E-15
6454.04731586663  1.053197E-15
6454.53269382669  1.007965E-15
6455.01807178675  8.857337E-16
6455.5034497468  9.111326E-16
6455.98882770686  1.083189E-15
6456.47420566692  1.166491E-15
6456.95958362698  1.141198E-15
6457.44496158703  1.141420E-15
6457.93033954709  1.102575E-15
6458.41571750715  1.156287E-15
6458.90109546721  1.146013E-15
6459.38647342726  1.141264E-15
6459.87185138732  1.148706E-15
6460.35722934738  1.136300E-15
6460.84260730743  1.139956E-15
6461.32798526749  1.109808E-15
6461.81336322755  1.103914E-15
6462.29874118761  1.138781E-15
6462.78411914766  1.123533E-15
6463.26949710772  1.153709E-15
6463.75487506778  1.133747E-15
6464.24025302783  1.150516E-15
6464.72563098789  1.115849E-15
6465.21100894795  1.144633E-15
6465.69638690801  1.154212E-15
6466.18176486806  1.133905E-15
6466.66714282812  1.161599E-15
6467.15252078818  1.161510E-15
6467.63789874824  1.174122E-15
6468.12327670829  1.166831E-15
6468.60865466835  1.146833E-15
6469.09403262841  1.167559E-15
6469.57941058846  1.178491E-15
6470.06478854852  1.179195E-15
6470.55016650858  1.175193E-15
6471.03554446864  1.174373E-15
6471.52092242869  1.198502E-15
6472.00630038875  1.211880E-15
6472.49167834881  1.201126E-15
6472.97705630886  1.161528E-15
6473.46243426892  1.211602E-15
6473.94781222898  1.221369E-15
6474.43319018904  1.219740E-15
6474.9185681491  1.239779E-15
6475.40394610915  1.233120E-15
6475.88932406921  1.221360E-15
6476.37470202926  1.254598E-15
6476.86007998932  1.222778E-15
6477.34545794938  1.241830E-15
6477.83083590944  1.288095E-15
6478.3162138695  1.274671E-15
6478.80159182955  1.305481E-15
6479.28696978961  1.295328E-15
6479.77234774966  1.286545E-15
6480.25772570972  1.336850E-15
6480.74310366978  1.277040E-15
6481.22848162984  1.300314E-15
6481.7138595899  1.315139E-15
6482.19923754995  1.360451E-15
6482.68461551001  1.346613E-15
6483.16999347007  1.372345E-15
6483.65537143012  1.392124E-15
6484.14074939018  1.374525E-15
6484.62612735024  1.416544E-15
6485.1115053103  1.386204E-15
6485.59688327035  1.397501E-15
6486.08226123041  1.399750E-15
6486.56763919047  1.443650E-15
6487.05301715052  1.444393E-15
6487.53839511058  1.451964E-15
6488.02377307064  1.436581E-15
6488.5091510307  1.467308E-15
6488.99452899076  1.461485E-15
6489.47990695081  1.483399E-15
6489.96528491087  1.378140E-15
6490.45066287093  1.345251E-15
6490.93604083098  1.435103E-15
6491.42141879104  1.555919E-15
6491.9067967511  1.613291E-15
6492.39217471115  1.635590E-15
6492.87755267121  1.607067E-15
6493.36293063127  1.619543E-15
6493.84830859133  1.622245E-15
6494.33368655138  1.593413E-15
6494.81906451144  1.665284E-15
6495.3044424715  1.697923E-15
6495.78982043156  1.690026E-15
6496.27519839161  1.734540E-15
6496.76057635167  1.785803E-15
6497.24595431173  1.755197E-15
6497.73133227178  1.792797E-15
6498.21671023184  1.810714E-15
6498.7020881919  1.886049E-15
6499.18746615195  1.865051E-15
6499.67284411201  1.895712E-15
6500.15822207207  1.901130E-15
6500.64360003213  1.983996E-15
6501.12897799218  1.994948E-15
6501.61435595224  1.967488E-15
6502.0997339123  2.012685E-15
6502.58511187236  2.053456E-15
6503.07048983241  2.052651E-15
6503.55586779247  2.080730E-15
6504.04124575253  2.111723E-15
6504.52662371258  2.184159E-15
6505.01200167264  2.163950E-15
6505.4973796327  2.126228E-15
6505.98275759276  2.209331E-15
6506.46813555281  2.312657E-15
6506.95351351287  2.253409E-15
6507.43889147293  2.255106E-15
6507.92426943299  2.245268E-15
6508.40964739304  2.240826E-15
6508.8950253531  2.303000E-15
6509.38040331316  2.278874E-15
6509.86578127321  2.340238E-15
6510.35115923327  2.406303E-15
6510.83653719333  2.398170E-15
6511.32191515339  2.424351E-15
6511.80729311344  2.424063E-15
6512.2926710735  2.436508E-15
6512.77804903356  2.483233E-15
6513.26342699362  2.476957E-15
6513.74880495367  2.427813E-15
6514.23418291373  2.270669E-15
6514.71956087379  2.152900E-15
6515.20493883384  2.237246E-15
6515.6903167939  2.551322E-15
6516.17569475396  2.688672E-15
6516.66107271402  2.670493E-15
6517.14645067407  2.705240E-15
6517.63182863413  2.693688E-15
6518.11720659419  2.689473E-15
6518.60258455425  2.722755E-15
6519.0879625143  2.760984E-15
6519.57334047436  2.778632E-15
6520.05871843442  2.803424E-15
6520.54409639447  2.880202E-15
6521.02947435453  2.831947E-15
6521.51485231459  2.824602E-15
6522.00023027465  2.875679E-15
6522.4856082347  2.848449E-15
6522.97098619476  2.913604E-15
6523.45636415482  2.927672E-15
6523.94174211487  2.980924E-15
6524.42712007493  2.983220E-15
6524.91249803499  2.980753E-15
6525.39787599505  2.949668E-15
6525.8832539551  2.990068E-15
6526.36863191516  3.002944E-15
6526.85400987522  2.940281E-15
6527.33938783527  3.028449E-15
6527.82476579533  3.045887E-15
6528.31014375539  3.105285E-15
6528.79552171545  3.149962E-15
6529.2808996755  3.179264E-15
6529.76627763556  3.172616E-15
6530.25165559562  3.204264E-15
6530.73703355568  3.185593E-15
6531.22241151573  3.208901E-15
6531.70778947579  3.252726E-15
6532.19316743585  3.313643E-15
6532.67854539591  3.340700E-15
6533.16392335596  3.395773E-15
6533.64930131602  3.395104E-15
6534.13467927608  3.447670E-15
6534.62005723613  3.411197E-15
6535.10543519619  3.394483E-15
6535.59081315625  3.381845E-15
6536.07619111631  3.403067E-15
6536.56156907636  3.439957E-15
6537.04694703642  3.497145E-15
6537.53232499648  3.538890E-15
6538.01770295653  3.557020E-15
6538.50308091659  3.608835E-15
6538.98845887665  3.655937E-15
6539.47383683671  3.633552E-15
6539.95921479676  3.651063E-15
6540.44459275682  3.688222E-15
6540.92997071688  3.638855E-15
6541.41534867694  3.694679E-15
6541.90072663699  3.818946E-15
6542.38610459705  3.825757E-15
6542.87148255711  3.819544E-15
6543.35686051716  3.883988E-15
6543.84223847722  3.882405E-15
6544.32761643728  3.917598E-15
6544.81299439733  3.950713E-15
6545.29837235739  3.926390E-15
6545.78375031745  3.982435E-15
6546.26912827751  4.070139E-15
6546.75450623757  4.108969E-15
6547.23988419762  4.166294E-15
6547.72526215768  4.243036E-15
6548.21064011774  4.193799E-15
6548.69601807779  4.108372E-15
6549.18139603785  4.173434E-15
6549.66677399791  4.261392E-15
6550.15215195797  4.211074E-15
6550.63752991802  4.260755E-15
6551.12290787808  4.342254E-15
6551.60828583814  4.338241E-15
6552.09366379819  4.395209E-15
6552.57904175825  4.369987E-15
6553.06441971831  4.364892E-15
6553.54979767837  4.431647E-15
6554.03517563842  4.429034E-15
6554.52055359848  4.482994E-15
6555.00593155854  4.436755E-15
6555.49130951859  4.405085E-15
6555.97668747865  4.387249E-15
6556.46206543871  4.374640E-15
6556.94744339877  4.390233E-15
6557.43282135882  4.369528E-15
6557.91819931888  4.219254E-15
6558.40357727894  4.129216E-15
6558.88895523899  4.251875E-15
6559.37433319905  4.377049E-15
6559.85971115911  4.304544E-15
6560.34508911917  3.779533E-15
6560.83046707922  2.625188E-15
6561.31584503928  1.752898E-15
6561.80122299934  2.740387E-15
6562.2866009594  5.557390E-15
6562.77197891945  7.801953E-15
6563.25735687951  7.555056E-15
6563.74273483957  6.024890E-15
6564.22811279962  5.071878E-15
6564.71349075968  4.739723E-15
6565.19886871974  4.575731E-15
6565.6842466798  4.533901E-15
6566.16962463985  4.394866E-15
6566.65500259991  4.374161E-15
6567.14038055997  4.436759E-15
6567.62575852003  4.301206E-15
6568.11113648008  4.253525E-15
6568.59651444014  4.230092E-15
6569.0818924002  4.134145E-15
6569.56727036026  4.147325E-15
6570.05264832031  4.147925E-15
6570.53802628037  4.044375E-15
6571.02340424043  4.038822E-15
6571.50878220048  4.029035E-15
6571.99416016054  4.016402E-15
6572.4795381206  3.954068E-15
6572.96491608066  3.916239E-15
6573.45029404071  3.970093E-15
6573.93567200077  3.911559E-15
6574.42104996083  3.837650E-15
6574.90642792088  3.850921E-15
6575.39180588094  3.757193E-15
6575.877183841  3.694451E-15
6576.36256180105  3.701097E-15
6576.84793976111  3.665173E-15
6577.33331772117  3.586988E-15
6577.81869568123  3.552063E-15
6578.30407364128  3.479647E-15
6578.78945160134  3.441315E-15
6579.2748295614  3.457843E-15
6579.76020752146  3.454720E-15
6580.24558548151  3.376376E-15
6580.73096344157  3.320536E-15
6581.21634140163  3.374930E-15
6581.70171936169  3.331810E-15
6582.18709732174  3.309968E-15
6582.6724752818  3.272352E-15
6583.15785324186  3.229477E-15
6583.64323120191  3.198144E-15
6584.12860916197  3.128014E-15
6584.61398712203  3.104326E-15
6585.09936508209  3.009918E-15
6585.58474304214  2.992552E-15
6586.0701210022  2.937789E-15
6586.55549896226  2.969905E-15
6587.04087692231  2.888288E-15
6587.52625488237  2.853907E-15
6588.01163284243  2.857761E-15
6588.49701080249  2.869775E-15
6588.98238876254  2.815188E-15
6589.4677667226  2.740524E-15
6589.95314468266  2.746926E-15
6590.43852264272  2.710657E-15
6590.92390060277  2.738970E-15
6591.40927856283  2.670113E-15
6591.89465652289  2.663976E-15
6592.38003448294  2.650540E-15
6592.865412443  2.596216E-15
6593.35079040306  2.588613E-15
6593.83616836312  2.539182E-15
6594.32154632317  2.495246E-15
6594.80692428323  2.443138E-15
6595.29230224329  2.444849E-15
6595.77768020334  2.505059E-15
6596.2630581634  2.471235E-15
6596.74843612346  2.415632E-15
6597.23381408352  2.344527E-15
6597.71919204357  2.347223E-15
6598.20457000363  2.329005E-15
6598.68994796369  2.288340E-15
6599.17532592375  2.299426E-15
6599.6607038838  2.262976E-15
6600.14608184386  2.258381E-15
6600.63145980392  2.226099E-15
6601.11683776397  8.991400E-16
6601.60221572403  1.739766E-15
6602.08759368409  2.238146E-15
6602.57297164415  2.116871E-15
6603.0583496042  2.014081E-15
6603.54372756426  1.954066E-15
6604.02910552432  1.973828E-15
6604.51448348437  2.009268E-15
6604.99986144443  1.949203E-15
6605.48523940449  1.928261E-15
6605.97061736455  1.913786E-15
6606.4559953246  1.942903E-15
6606.94137328466  1.955411E-15
6607.42675124472  1.983579E-15
6607.91212920478  1.943425E-15
6608.39750716483  1.912813E-15
6608.88288512489  1.892999E-15
6609.36826308495  1.900566E-15
6609.853641045  1.888802E-15
6610.33901900506  1.854026E-15
6610.82439696512  1.783942E-15
6611.30977492518  1.777008E-15
6611.79515288523  1.814091E-15
6612.28053084529  1.800164E-15
6612.76590880535  1.717129E-15
6613.25128676541  1.781524E-15
6613.73666472546  1.690152E-15
6614.22204268552  1.695898E-15
6614.70742064558  1.701361E-15
6615.19279860563  1.699058E-15
6615.67817656569  1.668212E-15
6616.16355452575  1.649563E-15
6616.6489324858  1.673943E-15
6617.13431044586  1.685543E-15
6617.61968840592  1.660411E-15
6618.10506636598  1.622994E-15
6618.59044432603  1.599520E-15
6619.07582228609  1.613335E-15
6619.56120024615  1.624577E-15
6620.04657820621  1.575017E-15
6620.53195616626  1.551431E-15
6621.01733412632  1.576970E-15
6621.50271208638  1.541211E-15
6621.98809004643  1.542528E-15
6622.47346800649  1.513811E-15
6622.95884596655  1.511218E-15
6623.44422392661  1.515701E-15
6623.92960188666  1.505505E-15
6624.41497984672  1.462961E-15
6624.90035780678  1.462316E-15
6625.38573576684  1.412998E-15
6625.87111372689  1.443156E-15
6626.35649168695  1.414963E-15
6626.84186964701  1.408689E-15
6627.32724760707  1.400651E-15
6627.81262556712  1.398691E-15
6628.29800352718  1.420417E-15
6628.78338148724  1.432197E-15
6629.26875944729  1.388460E-15
6629.75413740735  1.382862E-15
6630.23951536741  1.352619E-15
6630.72489332747  1.351036E-15
6631.21027128752  1.341973E-15
6631.69564924758  1.299609E-15
6632.18102720764  1.322486E-15
6632.66640516769  1.319520E-15
6633.15178312775  1.340186E-15
6633.63716108781  1.339467E-15
6634.12253904787  1.308985E-15
6634.60791700792  1.303272E-15
6635.09329496798  1.260884E-15
6635.57867292804  1.259019E-15
6636.0640508881  1.276651E-15
6636.54942884815  1.296305E-15
6637.03480680821  1.268149E-15
6637.52018476827  1.267756E-15
6638.00556272832  1.258831E-15
6638.49094068838  1.266768E-15
6638.97631864844  1.224950E-15
6639.4616966085  1.204108E-15
6639.94707456855  1.204234E-15
6640.43245252861  1.229693E-15
6640.91783048867  1.210129E-15
6641.40320844872  1.190661E-15
6641.88858640878  1.220465E-15
6642.37396436884  1.190688E-15
6642.8593423289  1.202053E-15
6643.34472028895  1.141761E-15
6643.83009824901  1.163190E-15
6644.31547620907  1.199133E-15
6644.80085416912  1.153674E-15
6645.28623212918  1.172100E-15
6645.77161008924  1.159925E-15
6646.2569880493  1.160730E-15
6646.74236600935  1.152647E-15
6647.22774396941  1.158888E-15
6647.71312192947  1.155587E-15
6648.19849988952  1.141878E-15
6648.68387784958  1.147608E-15
6649.16925580964  1.117506E-15
6649.6546337697  1.118953E-15
6650.14001172976  1.161684E-15
6650.62538968981  1.163355E-15
6651.11076764987  1.113328E-15
6651.59614560993  1.092436E-15
6652.08152356998  1.108964E-15
6652.56690153004  1.092236E-15
6653.0522794901  1.082180E-15
6653.53765745016  1.089745E-15
6654.02303541021  1.080185E-15
6654.50841337027  1.113744E-15
6654.99379133033  1.110479E-15
6655.47916929038  1.061690E-15
6655.96454725044  1.092978E-15
6656.4499252105  1.084370E-15
6656.93530317056  1.103646E-15
6657.42068113061  1.098214E-15
6657.90605909067  1.049986E-15
6658.39143705073  1.085644E-15
6658.87681501078  1.106596E-15
6659.36219297084  1.110547E-15
6659.8475709309  1.052878E-15
6660.33294889096  1.045141E-15
6660.81832685101  1.088481E-15
6661.30370481107  1.118575E-15
6661.78908277113  1.103858E-15
6662.27446073119  1.084187E-15
6662.75983869124  1.113075E-15
6663.2452166513  1.112361E-15
6663.73059461136  1.110918E-15
6664.21597257142  1.139590E-15
6664.70135053147  1.176332E-15
6665.18672849153  1.167816E-15
6665.67210645159  1.112290E-15
6666.15748441164  1.156453E-15
6666.6428623717  1.132189E-15
6667.12824033176  1.127608E-15
6667.61361829181  1.151468E-15
6668.09899625187  1.096460E-15
6668.58437421193  1.069753E-15
6669.06975217199  1.094329E-15
6669.55513013204  1.065015E-15
6670.0405080921  1.059236E-15
6670.52588605216  1.089025E-15
6671.01126401222  1.083720E-15
6671.49664197227  1.066803E-15
6671.98201993233  1.101716E-15
6672.46739789239  1.081436E-15
6672.95277585244  1.054959E-15
6673.4381538125  1.069021E-15
6673.92353177256  1.054899E-15
6674.40890973262  1.077741E-15
6674.89428769267  1.092558E-15
6675.37966565273  1.080329E-15
6675.86504361279  1.079939E-15
6676.35042157284  1.055574E-15
6676.8357995329  1.042019E-15
6677.32117749296  1.043954E-15
6677.80655545302  1.045636E-15
6678.29193341307  1.033034E-15
6678.77731137313  1.030262E-15
6679.26268933319  1.036010E-15
6679.74806729325  1.036089E-15
6680.2334452533  1.008943E-15
6680.71882321336  1.023572E-15
6681.20420117342  1.024466E-15
6681.68957913347  1.034329E-15
6682.17495709353  1.035146E-15
6682.66033505359  1.023574E-15
6683.14571301365  1.047557E-15
6683.6310909737  1.026311E-15
6684.11646893376  9.959400E-16
6684.60184689382  1.025364E-15
6685.08722485388  1.040368E-15
6685.57260281393  1.007678E-15
6686.05798077399  9.971682E-16
6686.54335873405  1.006762E-15
6687.0287366941  1.018172E-15
6687.51411465416  1.018299E-15
6687.99949261422  9.927870E-16
6688.48487057428  9.808935E-16
6688.97024853433  9.548527E-16
6689.45562649439  9.426612E-16
6689.94100445445  9.480136E-16
6690.42638241451  9.735237E-16
6690.91176037456  9.496464E-16
6691.39713833462  9.678020E-16
6691.88251629468  9.594419E-16
6692.36789425473  9.558508E-16
6692.85327221479  9.637969E-16
6693.33865017485  9.377536E-16
6693.82402813491  9.426370E-16
6694.30940609496  9.495311E-16
6694.79478405502  9.745937E-16
6695.28016201508  9.250642E-16
6695.76553997513  9.336887E-16
6696.25091793519  8.987604E-16
6696.73629589525  9.282711E-16
6697.22167385531  9.173115E-16
6697.70705181536  9.034840E-16
6698.19242977542  9.272729E-16
6698.67780773548  9.054624E-16
6699.16318569554  9.223559E-16
6699.64856365559  9.317223E-16
6700.13394161565  8.985634E-16
6700.61931957571  9.009640E-16
6701.10469753576  8.914287E-16
6701.59007549582  9.069404E-16
6702.07545345588  9.313901E-16
6702.56083141594  9.287794E-16
6703.04620937599  9.136970E-16
6703.53158733605  9.370850E-16
6704.01696529611  9.334990E-16
6704.50234325616  9.022916E-16
6704.98772121622  8.794585E-16
6705.47309917628  8.625566E-16
6705.95847713634  8.807299E-16
6706.44385509639  8.863693E-16
6706.92923305645  8.785037E-16
6707.41461101651  8.462213E-16
6707.89998897657  8.426431E-16
6708.38536693662  8.762936E-16
6708.87074489668  8.652092E-16
6709.35612285674  8.156988E-16
6709.8415008168  8.160804E-16
6710.32687877685  8.490842E-16
6710.81225673691  8.549476E-16
6711.29763469696  8.586853E-16
6711.78301265702  8.866449E-16
6712.26839061708  8.958464E-16
6712.75376857714  8.778841E-16
6713.2391465372  8.315131E-16
6713.72452449725  8.013301E-16
6714.20990245731  8.201412E-16
6714.69528041737  8.228823E-16
6715.18065837742  8.057629E-16
6715.66603633748  8.199782E-16
6716.15141429754  8.107229E-16
6716.63679225759  7.916307E-16
6717.12217021765  8.336476E-16
6717.60754817771  8.278969E-16
6718.09292613777  8.762783E-16
6718.57830409782  7.973601E-16
6719.06368205788  8.207091E-16
6719.54906001794  8.585038E-16
6720.034437978  8.138123E-16
6720.51981593805  8.423580E-16
6721.00519389811  8.178126E-16
6721.49057185817  8.145760E-16
6721.97594981822  8.109974E-16
6722.46132777828  8.326571E-16
6722.94670573834  8.364431E-16
6723.4320836984  8.049117E-16
6723.91746165845  8.358532E-16
6724.40283961851  8.056128E-16
6724.88821757857  7.960808E-16
6725.37359553863  8.045062E-16
6725.85897349868  7.983530E-16
6726.34435145874  7.953457E-16
6726.8297294188  7.984866E-16
6727.31510737885  8.131589E-16
6727.80048533891  8.057215E-16
6728.28586329897  7.925327E-16
6728.77124125903  7.993804E-16
6729.25661921908  7.192225E-16
6729.74199717914  6.498893E-16
6730.2273751392  8.086434E-16
6730.71275309926  7.828449E-16
6731.19813105931  7.789424E-16
6731.68350901937  7.652049E-16
6732.16888697943  7.798819E-16
6732.65426493948  7.893931E-16
6733.13964289954  8.448614E-16
6733.6250208596  8.091601E-16
6734.11039881966  8.281609E-16
6734.59577677971  7.740169E-16
6735.08115473977  7.436364E-16
6735.56653269983  8.197467E-16
6736.05191065988  7.809869E-16
6736.53728861994  7.637137E-16
6737.02266658  7.670683E-16
6737.50804454006  8.008667E-16
6737.99342250011  7.814467E-16
6738.47880046017  7.453037E-16
6738.96417842023  7.560849E-16
6739.44955638028  7.767651E-16
6739.93493434034  7.782932E-16
6740.4203123004  7.780828E-16
6740.90569026046  7.831486E-16
6741.39106822051  7.832529E-16
6741.87644618057  7.458922E-16
6742.36182414063  7.306201E-16
6742.84720210069  7.604966E-16
6743.33258006074  7.651954E-16
6743.8179580208  7.824828E-16
6744.30333598086  7.927859E-16
6744.78871394091  7.725585E-16
6745.27409190097  7.887936E-16
6745.75946986103  7.806068E-16
6746.24484782109  7.829065E-16
6746.73022578114  7.688889E-16
6747.2156037412  7.749777E-16
6747.70098170126  7.953270E-16
6748.18635966132  7.514061E-16
6748.67173762137  7.408936E-16
6749.15711558143  7.693817E-16
6749.64249354149  7.685037E-16
6750.12787150155  7.703902E-16
6750.6132494616  7.670857E-16
6751.09862742166  7.758470E-16
6751.58400538172  7.842638E-16
6752.06938334177  7.681316E-16
6752.55476130183  7.689921E-16
6753.04013926189  7.366327E-16
6753.52551722195  7.426287E-16
6754.010895182  7.600598E-16
6754.49627314206  7.642931E-16
6754.98165110212  7.744870E-16
6755.46702906217  8.014291E-16
6755.95240702223  7.610183E-16
6756.43778498229  7.502932E-16
6756.92316294235  7.773813E-16
6757.4085409024  7.476843E-16
6757.89391886246  7.453099E-16
6758.37929682252  7.543090E-16
6758.86467478258  7.385321E-16
6759.35005274263  7.360885E-16
6759.83543070269  7.352577E-16
6760.32080866275  7.261098E-16
6760.80618662281  7.383020E-16
6761.29156458286  7.614664E-16
6761.77694254292  7.488416E-16
6762.26232050298  7.390059E-16
6762.74769846303  7.398953E-16
6763.23307642309  7.371129E-16
6763.71845438315  7.643659E-16
6764.2038323432  7.307789E-16
6764.68921030326  7.301316E-16
6765.17458826332  7.607014E-16
6765.65996622337  7.498953E-16
6766.14534418343  7.327671E-16
6766.63072214349  7.590441E-16
6767.11610010355  7.408862E-16
6767.60147806361  7.533836E-16
6768.08685602366  7.474776E-16
6768.57223398372  7.445133E-16
6769.05761194378  7.690248E-16
6769.54298990383  7.778261E-16
6770.02836786389  7.664819E-16
6770.51374582395  7.652558E-16
6770.99912378401  7.356425E-16
6771.48450174406  7.563204E-16
6771.96987970412  7.906300E-16
6772.45525766418  7.644875E-16
6772.94063562423  7.536895E-16
6773.42601358429  7.475992E-16
6773.91139154435  7.332414E-16
6774.39676950441  6.925285E-16
6774.88214746446  7.076435E-16
6775.36752542452  7.290073E-16
6775.85290338458  7.001951E-16
6776.33828134463  7.578967E-16
6776.82365930469  7.651599E-16
6777.30903726475  7.751860E-16
6777.79441522481  7.767323E-16
6778.27979318486  7.709838E-16
6778.76517114492  7.793332E-16
6779.25054910498  7.596900E-16
6779.73592706504  7.346279E-16
6780.22130502509  7.468340E-16
6780.70668298515  7.993193E-16
6781.19206094521  8.095399E-16
6781.67743890527  7.856414E-16
6782.16281686532  7.928380E-16
6782.64819482538  8.027203E-16
6783.13357278544  8.243242E-16
6783.61895074549  7.747397E-16
6784.10432870555  7.873579E-16
6784.58970666561  7.963844E-16
6785.07508462567  7.677142E-16
6785.56046258572  7.706585E-16
6786.04584054578  7.771288E-16
6786.53121850584  7.704880E-16
6787.01659646589  7.741216E-16
6787.50197442595  7.820164E-16
6787.98735238601  7.583616E-16
6788.47273034607  7.858708E-16
6788.95810830612  7.613486E-16
6789.44348626618  7.402022E-16
6789.92886422624  7.653017E-16
6790.41424218629  7.717261E-16
6790.89962014635  7.346539E-16
6791.38499810641  7.641908E-16
6791.87037606647  7.674968E-16
6792.35575402652  7.704562E-16
6792.84113198658  7.962559E-16
6793.32650994664  7.425992E-16
6793.81188790669  7.959860E-16
6794.29726586675  7.648592E-16
6794.78264382681  7.273979E-16
6795.26802178687  7.610406E-16
6795.75339974693  7.564797E-16
6796.23877770698  7.620669E-16
6796.72415566704  7.572273E-16
6797.2095336271  7.414290E-16
6797.69491158715  7.673166E-16
6798.18028954721  7.696355E-16
6798.66566750727  7.440855E-16
6799.15104546732  7.825329E-16
6799.63642342738  8.017358E-16
6800.12180138744  8.045708E-16
6800.6071793475  7.758944E-16
6801.09255730755  7.914448E-16
6801.57793526761  7.776038E-16
6802.06331322767  7.456123E-16
6802.54869118773  7.279995E-16
6803.03406914778  7.760778E-16
6803.51944710784  7.510633E-16
6804.0048250679  7.818826E-16
6804.49020302795  7.489415E-16
6804.97558098801  7.711204E-16
6805.46095894807  7.732583E-16
6805.94633690813  7.432330E-16
6806.43171486818  7.513514E-16
6806.91709282824  7.838884E-16
6807.4024707883  7.493475E-16
6807.88784874835  7.743346E-16
6808.37322670841  7.836695E-16
6808.85860466847  7.754609E-16
6809.34398262853  7.951599E-16
6809.82936058858  7.595776E-16
6810.31473854864  7.547337E-16
6810.8001165087  7.802506E-16
6811.28549446875  7.951277E-16
6811.77087242881  7.793060E-16
6812.25625038887  7.571440E-16
6812.74162834893  7.709797E-16
6813.22700630898  7.725117E-16
6813.71238426904  7.977544E-16
6814.1977622291  7.724693E-16
6814.68314018916  7.741590E-16
6815.16851814921  7.975741E-16
6815.65389610927  7.852441E-16
6816.13927406933  7.851250E-16
6816.62465202938  7.842009E-16
6817.11002998944  7.602544E-16
6817.5954079495  7.810558E-16
6818.08078590956  7.856677E-16
6818.56616386961  7.788202E-16
6819.05154182967  7.494589E-16
6819.53691978973  7.206734E-16
6820.02229774979  6.530904E-16
6820.50767570984  5.702740E-16
6820.9930536699  5.333278E-16
6821.47843162996  4.765209E-16
6821.96380959001  4.610954E-16
6822.44918755007  5.237168E-16
6822.93456551013  5.355367E-16
6823.41994347019  5.404493E-16
6823.90532143024  5.301313E-16
6824.3906993903  5.251165E-16
6824.87607735036  5.457214E-16
6825.36145531042  5.364179E-16
6825.84683327047  5.446311E-16
6826.33221123053  5.818926E-16
6826.81758919059  5.715956E-16
6827.30296715064  5.654842E-16
6827.7883451107  5.732649E-16
6828.27372307076  6.092151E-16
6828.75910103081  6.279627E-16
6829.24447899087  6.312270E-16
6829.72985695093  6.432418E-16
6830.21523491099  6.712207E-16
6830.70061287104  6.510038E-16
6831.1859908311  6.516054E-16
6831.67136879116  6.932974E-16
6832.15674675122  6.800789E-16
6832.64212471127  6.670812E-16
6833.12750267133  6.885201E-16
6833.61288063139  7.152521E-16
6834.09825859145  7.389510E-16
6834.5836365515  7.359527E-16
6835.06901451156  7.393051E-16
6835.55439247162  7.479409E-16
6836.03977043167  7.321275E-16
6836.52514839173  6.927111E-16
6837.01052635179  6.749918E-16
6837.49590431185  6.881054E-16
6837.9812822719  6.865668E-16
6838.46666023196  6.940327E-16
6838.95203819202  6.895789E-16
6839.43741615208  6.397808E-16
6839.92279411213  6.613672E-16
6840.40817207219  6.771394E-16
6840.89355003225  6.744862E-16
6841.3789279923  6.886631E-16
6841.86430595236  6.849639E-16
6842.34968391242  6.488315E-16
6842.83506187248  6.193142E-16
6843.32043983253  6.067036E-16
6843.80581779259  6.522629E-16
6844.29119575265  6.747783E-16
6844.7765737127  6.923832E-16
6845.26195167276  6.506548E-16
6845.74732963282  6.364763E-16
6846.23270759288  6.130445E-16
6846.71808555293  6.161001E-16
6847.20346351299  6.550993E-16
6847.68884147305  6.966541E-16
6848.17421943311  6.911152E-16
6848.65959739316  6.750701E-16
6849.14497535322  6.706206E-16
6849.63035331328  6.275322E-16
6850.11573127333  6.436684E-16
6850.60110923339  6.657889E-16
6851.08648719345  7.185617E-16
6851.57186515351  7.037043E-16
6852.05724311356  6.824125E-16
6852.54262107362  6.765011E-16
6853.02799903368  6.424159E-16
6853.51337699373  6.114769E-16
6853.99875495379  6.096023E-16
6854.48413291385  6.679695E-16
6854.96951087391  7.246270E-16
6855.45488883396  7.045131E-16
6855.94026679402  6.682024E-16
6856.42564475408  7.015319E-16
6856.91102271414  6.899499E-16
6857.39640067419  6.439245E-16
6857.88177863425  6.246755E-16
6858.36715659431  6.556622E-16
6858.85253455436  7.082494E-16
6859.33791251442  7.051936E-16
6859.82329047448  7.058857E-16
6860.30866843454  6.948189E-16
6860.79404639459  6.854121E-16
6861.27942435465  6.723152E-16
6861.76480231471  6.512588E-16
6862.25018027477  6.677236E-16
6862.73555823482  6.396462E-16
6863.22093619488  6.787791E-16
6863.70631415494  6.828995E-16
6864.19169211499  6.899550E-16
6864.67707007505  6.736352E-16
6865.16244803511  6.959514E-16
6865.64782599517  7.095017E-16
6866.13320395522  6.608291E-16
6866.61858191528  6.578521E-16
6867.10395987534  6.797113E-16
6867.5893378354  6.677676E-16
6868.07471579545  6.656048E-16
6868.56009375551  7.179269E-16
6869.04547171557  7.302439E-16
6869.53084967562  7.180839E-16
6870.01622763568  6.950465E-16
6870.50160559574  7.002865E-16
6870.9869835558  7.043955E-16
6871.47236151585  6.818478E-16
6871.95773947591  7.037305E-16
6872.44311743597  6.985794E-16
6872.92849539602  7.214463E-16
6873.41387335608  7.263614E-16
6873.89925131614  7.222739E-16
6874.3846292762  7.108038E-16
6874.87000723625  7.469160E-16
6875.35538519631  7.698357E-16
6875.84076315637  6.983833E-16
6876.32614111643  6.861244E-16
6876.81151907648  7.014830E-16
6877.29689703654  6.984158E-16
6877.7822749966  7.199083E-16
6878.26765295666  7.449117E-16
6878.75303091671  7.618070E-16
6879.23840887677  7.425133E-16
6879.72378683682  7.080226E-16
6880.20916479688  7.227174E-16
6880.69454275694  7.298575E-16
6881.179920717  7.111349E-16
6881.66529867705  7.070005E-16
6882.15067663711  6.973238E-16
6882.63605459717  6.837824E-16
6883.12143255723  6.969592E-16
6883.60681051728  6.864458E-16
6884.09218847734  7.037558E-16
6884.5775664374  7.318402E-16
6885.06294439745  7.158851E-16
6885.54832235751  7.259066E-16
6886.03370031757  7.078715E-16
6886.51907827763  7.174006E-16
6887.00445623768  7.230237E-16
6887.48983419774  7.064464E-16
6887.9752121578  7.030381E-16
6888.46059011785  7.162570E-16
6888.94596807791  7.044047E-16
6889.43134603797  7.675487E-16
6889.91672399803  7.452831E-16
6890.40210195808  7.047730E-16
6890.88747991814  6.975413E-16
6891.3728578782  7.127259E-16
6891.85823583826  7.408743E-16
6892.34361379831  7.406104E-16
6892.82899175837  6.970736E-16
6893.31436971843  7.182936E-16
6893.79974767848  7.129602E-16
6894.28512563854  6.894082E-16
6894.7705035986  6.964933E-16
6895.25588155866  7.111158E-16
6895.74125951871  7.321012E-16
6896.22663747877  7.332893E-16
6896.71201543883  7.465184E-16
6897.19739339889  7.487835E-16
6897.68277135894  7.508732E-16
6898.168149319  7.195141E-16
6898.65352727906  7.490483E-16
6899.13890523912  7.272232E-16
6899.62428319917  7.316243E-16
6900.10966115923  7.512789E-16
6900.59503911929  7.343792E-16
6901.08041707934  7.518517E-16
6901.5657950394  7.214463E-16
6902.05117299946  6.978411E-16
6902.53655095952  7.177762E-16
6903.02192891957  7.217759E-16
6903.50730687963  7.211386E-16
6903.99268483969  7.446029E-16
6904.47806279974  7.634451E-16
6904.9634407598  7.570081E-16
6905.44881871986  7.353541E-16
6905.93419667992  7.461036E-16
6906.41957463997  7.058124E-16
6906.90495260003  7.445867E-16
6907.39033056009  7.419659E-16
6907.87570852014  7.122946E-16
6908.3610864802  7.204397E-16
6908.84646444026  6.915322E-16
6909.33184240032  6.972646E-16
6909.81722036037  6.966632E-16
6910.30259832043  7.398529E-16
6910.78797628049  7.418248E-16
6911.27335424055  7.403632E-16
6911.7587322006  7.484028E-16
6912.24411016066  7.346268E-16
6912.72948812072  7.058544E-16
6913.21486608078  7.260358E-16
6913.70024404083  7.440829E-16
6914.18562200089  7.269800E-16
6914.67099996095  7.568441E-16
6915.156377921  7.516832E-16
6915.64175588106  7.758025E-16
6916.12713384112  7.534927E-16
6916.61251180117  7.522068E-16
6917.09788976123  7.807334E-16
6917.58326772129  7.587795E-16
6918.06864568135  7.246877E-16
6918.5540236414  6.998810E-16
6919.03940160146  7.665342E-16
6919.52477956152  7.705848E-16
6920.01015752158  7.634135E-16
6920.49553548163  7.484689E-16
6920.98091344169  7.339940E-16
6921.46629140175  7.789021E-16
6921.9516693618  7.914121E-16
6922.43704732186  7.267961E-16
6922.92242528192  7.127317E-16
6923.40780324198  7.384977E-16
6923.89318120203  7.297488E-16
6924.37855916209  7.224859E-16
6924.86393712215  7.650720E-16
6925.34931508221  7.528111E-16
6925.83469304226  7.567275E-16
6926.32007100232  7.587611E-16
6926.80544896238  7.216271E-16
6927.29082692243  7.219668E-16
6927.77620488249  7.791006E-16
6928.26158284255  7.833794E-16
6928.7469608026  7.611962E-16
6929.23233876266  7.764039E-16
6929.71771672272  7.408650E-16
6930.20309468278  7.225351E-16
6930.68847264284  7.553047E-16
6931.17385060289  7.895010E-16
6931.65922856295  7.467771E-16
6932.14460652301  7.467231E-16
6932.62998448306  7.611782E-16
6933.11536244312  7.728652E-16
6933.60074040318  8.046421E-16
6934.08611836324  8.217795E-16
6934.57149632329  7.854847E-16
6935.05687428335  7.979169E-16
6935.54225224341  8.040478E-16
6936.02763020346  7.440984E-16
6936.51300816352  7.617347E-16
6936.99838612358  7.713312E-16
6937.48376408364  7.501180E-16
6937.96914204369  7.934922E-16
6938.45452000375  8.012705E-16
6938.93989796381  7.622880E-16
6939.42527592386  7.498800E-16
6939.91065388392  7.731656E-16
6940.39603184398  7.988584E-16
6940.88140980404  8.117509E-16
6941.36678776409  8.248971E-16
6941.85216572415  8.042787E-16
6942.33754368421  7.924069E-16
6942.82292164427  7.935751E-16
6943.30829960432  7.868545E-16
6943.79367756438  7.817319E-16
6944.27905552444  8.099181E-16
6944.76443348449  8.023355E-16
6945.24981144455  8.195883E-16
6945.73518940461  8.065504E-16
6946.22056736467  7.969687E-16
6946.70594532472  8.328063E-16
6947.19132328478  8.068822E-16
6947.67670124484  7.912709E-16
6948.16207920489  8.247682E-16
6948.64745716495  8.343443E-16
6949.13283512501  8.090103E-16
6949.61821308507  8.620759E-16
6950.10359104512  8.807989E-16
6950.58896900518  8.339438E-16
6951.07434696524  8.136308E-16
6951.55972492529  8.324233E-16
6952.04510288535  8.470498E-16
6952.53048084541  8.163793E-16
6953.01585880547  8.404475E-16
6953.50123676552  8.625040E-16
6953.98661472558  8.263793E-16
6954.47199268564  8.429717E-16
6954.9573706457  8.491074E-16
6955.44274860575  8.519911E-16
6955.92812656581  8.583754E-16
6956.41350452587  8.474431E-16
6956.89888248593  8.632412E-16
6957.38426044598  8.389204E-16
6957.86963840604  8.192184E-16
6958.3550163661  8.561680E-16
6958.84039432615  8.842379E-16
6959.32577228621  8.719927E-16
6959.81115024627  8.764302E-16
6960.29652820633  9.147671E-16
6960.78190616638  8.818485E-16
6961.26728412644  9.033415E-16
6961.7526620865  8.862866E-16
6962.23804004655  9.090127E-16
6962.72341800661  8.809269E-16
6963.20879596667  8.436088E-16
