5650.40759398893  8.248472E-17
5650.89281767446  7.596624E-17
5651.37804135998  8.190042E-17
5651.86326504551  8.385074E-17
5652.34848873104  8.596514E-17
5652.83371241657  8.639545E-17
5653.31893610209  7.700705E-17
5653.80415978762  9.116142E-17
5654.28938347315  8.145918E-17
5654.77460715868  8.798716E-17
5655.25983084421  9.921600E-17
5655.74505452974  7.938798E-17
5656.23027821526  8.920655E-17
5656.71550190079  1.058168E-16
5657.20072558632  7.719582E-17
5657.68594927185  8.618553E-17
5658.17117295738  8.680053E-17
5658.6563966429  8.373223E-17
5659.14162032843  7.968956E-17
5659.62684401396  1.098834E-16
5660.11206769949  1.135526E-16
5660.59729138502  1.130771E-16
5661.08251507055  1.130803E-16
5661.56773875607  1.041290E-16
5662.0529624416  1.041482E-16
5662.53818612713  8.689597E-17
5663.02340981266  8.382765E-17
5663.50863349819  7.990473E-17
5663.99385718371  7.923291E-17
5664.47908086924  7.342608E-17
5664.96430455477  7.221506E-17
5665.4495282403  8.056120E-17
5665.93475192583  9.304812E-17
5666.41997561136  8.588041E-17
5666.90519929688  7.278810E-17
5667.39042298241  8.290885E-17
5667.87564666794  8.025918E-17
5668.36087035347  8.230753E-17
5668.84609403899  8.788918E-17
5669.33131772452  9.014812E-17
5669.81654141005  9.596221E-17
5670.30176509558  1.000573E-16
5670.78698878111  9.734561E-17
5671.27221246663  8.094481E-17
5671.75743615216  7.861075E-17
5672.24265983769  7.832526E-17
5672.72788352322  7.264404E-17
5673.21310720875  7.488823E-17
5673.69833089427  8.041067E-17
5674.1835545798  7.922132E-17
5674.66877826533  7.480650E-17
5675.15400195086  7.869074E-17
5675.63922563639  7.149712E-17
5676.12444932192  7.601183E-17
5676.60967300744  8.292865E-17
5677.09489669297  8.019572E-17
5677.5801203785  7.892256E-17
5678.06534406403  7.525597E-17
5678.55056774956  7.886745E-17
5679.03579143508  6.826848E-17
5679.52101512061  6.908483E-17
5680.00623880614  7.203036E-17
5680.49146249167  7.337698E-17
5680.9766861772  6.974959E-17
5681.46190986272  7.177846E-17
5681.94713354825  7.890077E-17
5682.43235723378  8.040262E-17
5682.91758091931  7.754857E-17
5683.40280460484  7.558357E-17
5683.88802829037  6.835932E-17
5684.37325197589  7.935371E-17
5684.85847566142  7.145647E-17
5685.34369934695  6.590927E-17
5685.82892303248  8.049187E-17
5686.31414671801  9.098346E-17
5686.79937040353  8.526655E-17
5687.28459408906  7.774475E-17
5687.76981777459  7.116838E-17
5688.25504146012  7.636067E-17
5688.74026514565  7.739635E-17
5689.22548883117  6.607537E-17
5689.7107125167  6.797112E-17
5690.19593620223  7.133423E-17
5690.68115988776  7.770745E-17
5691.16638357329  9.023226E-17
5691.65160725881  7.393867E-17
5692.13683094434  7.102986E-17
5692.62205462987  7.962319E-17
5693.1072783154  8.994940E-17
5693.59250200093  7.730627E-17
5694.07772568645  7.401557E-17
5694.56294937198  6.439442E-17
5695.04817305751  7.502885E-17
5695.53339674304  6.270427E-17
5696.01862042857  7.459089E-17
5696.5038441141  7.881610E-17
5696.98906779962  7.016000E-17
5697.47429148515  7.543212E-17
5697.95951517068  8.221551E-17
5698.44473885621  8.320346E-17
5698.92996254174  8.551011E-17
5699.41518622726  8.539160E-17
5699.90040991279  7.625609E-17
5700.38563359832  6.965022E-17
5700.87085728385  6.950846E-17
5701.35608096938  7.029189E-17
5701.84130465491  7.705355E-17
5702.32652834043  7.098914E-17
5702.81175202596  6.421246E-17
5703.29697571149  6.723452E-17
5703.78219939702  7.583215E-17
5704.26742308255  6.633315E-17
5704.75264676807  7.280386E-17
5705.2378704536  7.594941E-17
5705.72309413913  7.047859E-17
5706.20831782466  7.243026E-17
5706.69354151019  6.878128E-17
5707.17876519571  7.707633E-17
5707.66398888124  8.067500E-17
5708.14921256677  8.054214E-17
5708.6344362523  7.347949E-17
5709.11965993783  6.437398E-17
5709.60488362335  6.293788E-17
5710.09010730888  6.570137E-17
5710.57533099441  8.225254E-17
5711.06055467994  7.869754E-17
5711.54577836547  6.059337E-17
5712.03100205099  6.439383E-17
5712.51622573652  7.293882E-17
5713.00144942205  7.470123E-17
5713.48667310758  7.249145E-17
5713.97189679311  6.913299E-17
5714.45712047863  7.424990E-17
5714.94234416416  7.774383E-17
5715.42756784969  7.572254E-17
5715.91279153522  6.873180E-17
5716.39801522075  7.292502E-17
5716.88323890627  8.051693E-17
5717.3684625918  8.212792E-17
5717.85368627733  7.625873E-17
5718.33890996286  6.927405E-17
5718.82413364839  8.027407E-17
5719.30935733392  8.428528E-17
5719.79458101944  9.649804E-17
5720.27980470497  9.817173E-17
5720.7650283905  9.973454E-17
5721.25025207603  8.439953E-17
5721.73547576156  6.506035E-17
5722.22069944708  7.365637E-17
5722.70592313261  6.976731E-17
5723.19114681814  7.059284E-17
5723.67637050367  7.802443E-17
5724.1615941892  7.073186E-17
5724.64681787472  6.514742E-17
5725.13204156025  5.985059E-17
5725.61726524578  6.980944E-17
5726.10248893131  7.417886E-17
5726.58771261684  7.218682E-17
5727.07293630237  7.298423E-17
5727.55815998789  6.871318E-17
5728.04338367342  6.724296E-17
5728.52860735895  6.626876E-17
5729.01383104448  7.197739E-17
5729.49905473001  6.684443E-17
5729.98427841553  6.392843E-17
5730.46950210106  5.843685E-17
5730.95472578659  6.927282E-17
5731.43994947212  6.813097E-17
5731.92517315764  7.760982E-17
5732.41039684317  7.333171E-17
5732.8956205287  7.884278E-17
5733.38084421423  6.390210E-17
5733.86606789976  7.018359E-17
5734.35129158529  7.577553E-17
5734.83651527081  7.904916E-17
5735.32173895634  6.885987E-17
5735.80696264187  7.589448E-17
5736.2921863274  8.326139E-17
5736.77741001293  7.387001E-17
5737.26263369846  7.418955E-17
5737.74785738398  7.749389E-17
5738.23308106951  7.535249E-17
5738.71830475504  6.876243E-17
5739.20352844057  7.043633E-17
5739.6887521261  7.343187E-17
5740.17397581162  7.330915E-17
5740.65919949715  7.612183E-17
5741.14442318268  7.746906E-17
5741.62964686821  7.232458E-17
5742.11487055374  7.374687E-17
5742.60009423926  6.949283E-17
5743.08531792479  7.899185E-17
5743.57054161032  8.751544E-17
5744.05576529585  8.198263E-17
5744.54098898138  6.108786E-17
5745.02621266691  7.316741E-17
5745.51143635243  7.641793E-17
5745.99666003796  7.121543E-17
5746.48188372349  7.659623E-17
5746.96710740902  7.323361E-17
5747.45233109454  7.735426E-17
5747.93755478007  7.077333E-17
5748.4227784656  8.010017E-17
5748.90800215113  8.064044E-17
5749.39322583666  7.226544E-17
5749.87844952218  7.665876E-17
5750.36367320771  8.229112E-17
5750.84889689324  9.149695E-17
5751.33412057877  1.051853E-16
5751.8193442643  1.137326E-16
5752.30456794983  9.444004E-17
5752.78979163535  6.986688E-17
5753.27501532088  7.074149E-17
5753.76023900641  6.765044E-17
5754.24546269194  6.878288E-17
5754.73068637747  7.319234E-17
5755.21591006299  6.803854E-17
5755.70113374852  6.772632E-17
5756.18635743405  7.459349E-17
5756.67158111958  7.319486E-17
5757.15680480511  6.664000E-17
5757.64202849064  6.681968E-17
5758.12725217616  6.332526E-17
5758.61247586169  6.199048E-17
5759.09769954722  6.513630E-17
5759.58292323275  6.669150E-17
5760.06814691828  7.242897E-17
5760.5533706038  7.424943E-17
5761.03859428933  8.292880E-17
5761.52381797486  7.836432E-17
5762.00904166039  6.283421E-17
5762.49426534592  6.407974E-17
5762.97948903144  6.096538E-17
5763.46471271697  6.865218E-17
5763.9499364025  7.134897E-17
5764.43516008803  7.019093E-17
5764.92038377356  7.591824E-17
5765.40560745908  7.128925E-17
5765.89083114461  6.944341E-17
5766.37605483014  6.481772E-17
5766.86127851567  6.948964E-17
5767.3465022012  6.162750E-17
5767.83172588672  5.869715E-17
5768.31694957225  5.897483E-17
5768.80217325778  6.067162E-17
5769.28739694331  6.970586E-17
5769.77262062884  6.937387E-17
5770.25784431437  6.107454E-17
5770.74306799989  6.704642E-17
5771.22829168542  7.096165E-17
5771.71351537095  6.599131E-17
5772.19873905648  6.180660E-17
5772.68396274201  6.858962E-17
5773.16918642753  7.494246E-17
5773.65441011306  6.096493E-17
5774.13963379859  7.629296E-17
5774.62485748412  7.777648E-17
5775.11008116965  6.392412E-17
5775.59530485518  6.044808E-17
5776.0805285407  6.191678E-17
5776.56575222623  7.662937E-17
5777.05097591176  7.591259E-17
5777.53619959729  6.925822E-17
5778.02142328281  6.294059E-17
5778.50664696834  6.315454E-17
5778.99187065387  6.831230E-17
5779.4770943394  6.201446E-17
5779.96231802493  6.485748E-17
5780.44754171045  6.130011E-17
5780.93276539598  5.954646E-17
5781.41798908151  6.207951E-17
5781.90321276704  6.062997E-17
5782.38843645257  7.153858E-17
5782.8736601381  6.980580E-17
5783.35888382362  7.323935E-17
5783.84410750915  7.225762E-17
5784.32933119468  6.733999E-17
5784.81455488021  5.673546E-17
5785.29977856574  6.313148E-17
5785.78500225126  6.996703E-17
5786.27022593679  6.109872E-17
5786.75544962232  6.326946E-17
5787.24067330785  6.549330E-17
5787.72589699338  5.722691E-17
5788.2111206789  6.497524E-17
5788.69634436443  7.709099E-17
5789.18156804996  8.287748E-17
5789.66679173549  7.330609E-17
5790.15201542102  7.132894E-17
5790.63723910654  6.884851E-17
5791.12246279207  6.940599E-17
5791.6076864776  6.954042E-17
5792.09291016313  6.545808E-17
5792.57813384866  6.532562E-17
5793.06335753419  6.666563E-17
5793.54858121971  6.708215E-17
5794.03380490524  5.970390E-17
5794.51902859077  5.716336E-17
5795.0042522763  5.598689E-17
5795.48947596182  7.482865E-17
5795.97469964735  7.017002E-17
5796.45992333288  6.918392E-17
5796.94514701841  6.257483E-17
5797.43037070394  6.044542E-17
5797.91559438947  6.862519E-17
5798.40081807499  6.933900E-17
5798.88604176052  6.559583E-17
5799.37126544605  6.703919E-17
5799.85648913158  6.574506E-17
5800.34171281711  6.811325E-17
5800.82693650263  7.829113E-17
5801.31216018816  8.097150E-17
5801.79738387369  6.253832E-17
5802.28260755922  5.423162E-17
5802.76783124475  6.949009E-17
5803.25305493028  6.411609E-17
5803.7382786158  6.426117E-17
5804.22350230133  6.819703E-17
5804.70872598686  6.149669E-17
5805.19394967239  6.434443E-17
5805.67917335791  6.043151E-17
5806.16439704344  6.931665E-17
5806.64962072897  7.203054E-17
5807.1348444145  7.398403E-17
5807.62006810003  6.992090E-17
5808.10529178556  6.399765E-17
5808.59051547108  7.811235E-17
5809.07573915661  7.545292E-17
5809.56096284214  6.860250E-17
5810.04618652767  8.604975E-17
5810.5314102132  8.567843E-17
5811.01663389872  6.767780E-17
5811.50185758425  6.569873E-17
5811.98708126978  7.744373E-17
5812.47230495531  8.017661E-17
5812.95752864084  7.365941E-17
5813.44275232637  7.360016E-17
5813.92797601189  6.770436E-17
5814.41319969742  6.911578E-17
5814.89842338295  7.425005E-17
5815.38364706848  8.072432E-17
5815.868870754  8.029050E-17
5816.35409443953  6.278029E-17
5816.83931812506  7.462590E-17
5817.32454181059  9.242471E-17
5817.80976549612  8.157866E-17
5818.29498918165  7.858233E-17
5818.78021286717  7.766948E-17
5819.2654365527  7.900354E-17
5819.75066023823  7.167746E-17
5820.23588392376  6.668447E-17
5820.72110760929  7.858353E-17
5821.20633129481  8.369522E-17
5821.69155498034  7.292218E-17
5822.17677866587  7.022023E-17
5822.6620023514  7.299019E-17
5823.14722603693  7.344026E-17
5823.63244972246  7.235572E-17
5824.11767340798  8.498649E-17
5824.60289709351  8.434752E-17
5825.08812077904  7.902184E-17
5825.57334446457  9.646927E-17
5826.0585681501  9.368362E-17
5826.54379183562  8.235516E-17
5827.02901552115  7.984998E-17
5827.51423920668  7.878820E-17
5827.99946289221  8.317086E-17
5828.48468657773  7.764606E-17
5828.96991026326  7.316761E-17
5829.45513394879  7.233688E-17
5829.94035763432  7.407218E-17
5830.42558131985  9.322281E-17
5830.91080500538  7.531785E-17
5831.3960286909  8.835080E-17
5831.88125237643  8.752258E-17
5832.36647606196  7.144492E-17
5832.85169974749  7.255193E-17
5833.33692343302  8.007169E-17
5833.82214711854  9.152328E-17
5834.30737080407  9.383068E-17
5834.7925944896  8.280163E-17
5835.27781817513  9.499938E-17
5835.76304186066  9.631908E-17
5836.24826554618  8.280755E-17
5836.73348923171  8.379753E-17
5837.21871291724  7.322984E-17
5837.70393660277  7.927561E-17
5838.1891602883  8.498586E-17
5838.67438397382  8.887652E-17
5839.15960765935  8.870745E-17
5839.64483134488  9.454699E-17
5840.13005503041  8.899982E-17
5840.61527871594  8.580430E-17
5841.10050240147  8.462289E-17
5841.58572608699  1.002876E-16
5842.07094977252  9.743797E-17
5842.55617345805  9.914709E-17
5843.04139714358  9.579996E-17
5843.52662082911  9.200440E-17
5844.01184451463  9.509865E-17
5844.49706820016  1.053863E-16
5844.98229188569  1.038558E-16
5845.46751557122  1.151490E-16
5845.95273925675  1.207944E-16
5846.43796294227  9.473342E-17
5846.9231866278  1.077538E-16
5847.40841031333  1.574467E-16
5847.89363399886  2.035288E-16
5848.37885768439  1.595075E-16
5848.86408136992  3.012297E-17
5849.34930505544  3.209627E-18
5849.83452874097  5.418367E-17
5850.3197524265  8.286944E-17
5850.80497611203  1.051722E-16
5851.29019979756  9.495612E-17
5851.77542348308  1.064554E-16
5852.26064716861  1.116793E-16
5852.74587085414  1.221664E-16
5853.23109453967  1.450692E-16
5853.71631822519  1.666490E-16
5854.20154191072  1.587931E-16
5854.68676559625  8.754564E-17
5855.17198928178  6.278501E-17
5855.65721296731  9.136733E-17
5856.14243665284  1.031043E-16
5856.62766033836  1.131215E-16
5857.11288402389  1.144515E-16
5857.59810770942  1.191767E-16
5858.08333139495  1.286847E-16
5858.56855508048  1.322511E-16
5859.053778766  1.297531E-16
5859.53900245153  1.286166E-16
5860.02422613706  1.410930E-16
5860.50944982259  1.331322E-16
5860.99467350812  1.350946E-16
5861.47989719365  1.497178E-16
5861.96512087917  1.433726E-16
5862.4503445647  1.397961E-16
5862.93556825023  1.408491E-16
5863.42079193576  1.465559E-16
5863.90601562129  1.442946E-16
5864.39123930681  1.460821E-16
5864.87646299234  1.663035E-16
5865.36168667787  1.496569E-16
5865.8469103634  1.464122E-16
5866.33213404893  1.419077E-16
5866.81735773446  1.408652E-16
5867.30258141998  1.456857E-16
5867.78780510551  1.403884E-16
5868.27302879104  1.415048E-16
5868.75825247657  1.413401E-16
5869.24347616209  1.747063E-16
5869.72869984762  1.667700E-16
5870.21392353315  1.403251E-16
5870.69914721868  1.456539E-16
5871.18437090421  1.551679E-16
5871.66959458973  1.595507E-16
5872.15481827526  1.539308E-16
5872.64004196079  1.592722E-16
5873.12526564632  1.733850E-16
5873.61048933185  1.524267E-16
5874.09571301738  1.418036E-16
5874.5809367029  1.377610E-16
5875.06616038843  1.301323E-16
5875.55138407396  1.372247E-16
5876.03660775949  1.475978E-16
5876.52183144502  1.424658E-16
5877.00705513054  1.345844E-16
5877.49227881607  1.532506E-16
5877.9775025016  1.641192E-16
5878.46272618713  1.593055E-16
5878.94794987266  1.462861E-16
5879.43317355818  1.523298E-16
5879.91839724371  1.514876E-16
5880.40362092924  1.608945E-16
5880.88884461477  1.553948E-16
5881.3740683003  1.383088E-16
5881.85929198583  1.315314E-16
5882.34451567135  1.337041E-16
5882.82973935688  1.457677E-16
5883.31496304241  1.363074E-16
5883.80018672794  1.112986E-16
5884.28541041347  1.153559E-16
5884.77063409899  1.181445E-16
5885.25585778452  1.046670E-16
5885.74108147005  8.056766E-17
5886.22630515558  5.706141E-17
5886.71152884111  4.472376E-17
5887.19675252663  6.139088E-17
5887.68197621216  8.456687E-17
5888.16719989769  1.094756E-16
5888.65242358322  1.372248E-16
5889.13764726875  1.333308E-16
5889.62287095427  1.245653E-16
5890.1080946398  1.280614E-16
5890.59331832533  1.556468E-16
5891.07854201086  1.451076E-16
5891.56376569639  1.057391E-16
5892.04898938191  6.654102E-17
5892.53421306744  4.372214E-17
5893.01943675297  4.232475E-17
5893.5046604385  7.886848E-17
5893.98988412403  1.165630E-16
5894.47510780956  1.598932E-16
5894.96033149508  1.637605E-16
5895.44555518061  1.601382E-16
5895.93077886614  1.704545E-16
5896.41600255167  1.749403E-16
5896.9012262372  1.818666E-16
5897.38644992272  1.750697E-16
5897.87167360825  1.739893E-16
5898.35689729378  1.892002E-16
5898.84212097931  1.859887E-16
5899.32734466484  1.837113E-16
5899.81256835037  1.909526E-16
5900.29779203589  1.715436E-16
5900.78301572142  1.610380E-16
5901.26823940695  1.747756E-16
5901.75346309248  1.616954E-16
5902.238686778  1.623253E-16
5902.72391046353  1.659157E-16
5903.20913414906  1.603414E-16
5903.69435783459  1.562421E-16
5904.17958152012  1.471320E-16
5904.66480520565  1.452505E-16
5905.15002889117  1.481465E-16
5905.6352525767  1.304499E-16
5906.12047626223  1.328137E-16
5906.60569994776  1.485311E-16
5907.09092363329  1.571796E-16
5907.57614731881  1.436009E-16
5908.06137100434  1.355893E-16
5908.54659468987  1.483714E-16
5909.0318183754  1.550726E-16
5909.51704206093  1.386127E-16
5910.00226574645  1.439396E-16
5910.48748943198  1.520586E-16
5910.97271311751  1.528661E-16
5911.45793680304  1.457291E-16
5911.94316048857  1.307195E-16
5912.42838417409  1.297003E-16
5912.91360785962  1.135907E-16
5913.39883154515  1.147606E-16
5913.88405523068  1.216219E-16
5914.36927891621  1.356548E-16
5914.85450260173  1.477794E-16
5915.33972628726  1.248101E-16
5915.82494997279  1.129740E-16
5916.31017365832  1.139340E-16
5916.79539734385  1.338097E-16
5917.28062102938  1.292413E-16
5917.7658447149  1.121360E-16
5918.25106840043  1.178136E-16
5918.73629208596  1.133550E-16
5919.22151577149  1.251430E-16
5919.70673945701  1.295751E-16
5920.19196314255  1.293934E-16
5920.67718682807  1.206151E-16
5921.1624105136  1.115024E-16
5921.64763419913  1.113584E-16
5922.13285788466  1.088305E-16
5922.61808157018  1.141532E-16
5923.10330525571  1.241449E-16
5923.58852894124  1.203981E-16
5924.07375262677  1.174603E-16
5924.5589763123  1.261209E-16
5925.04419999783  1.244820E-16
5925.52942368335  1.105631E-16
5926.01464736888  1.071894E-16
5926.49987105441  1.164450E-16
5926.98509473994  1.192623E-16
5927.47031842547  1.191903E-16
5927.95554211099  1.098428E-16
5928.44076579652  1.036866E-16
5928.92598948205  1.095241E-16
5929.41121316758  1.128556E-16
5929.89643685311  1.020625E-16
5930.38166053863  9.368245E-17
5930.86688422416  1.004695E-16
5931.35210790969  1.008070E-16
5931.83733159522  9.145623E-17
5932.32255528075  9.611978E-17
5932.80777896627  1.088135E-16
5933.2930026518  1.074156E-16
5933.77822633733  1.010374E-16
5934.26345002286  9.059223E-17
5934.74867370839  1.010607E-16
5935.23389739392  1.057052E-16
5935.71912107944  8.339547E-17
5936.20434476497  8.480933E-17
5936.6895684505  9.587907E-17
5937.17479213603  1.026743E-16
5937.66001582156  9.532097E-17
5938.14523950708  9.025184E-17
5938.63046319261  1.020519E-16
5939.11568687814  8.886757E-17
5939.60091056367  7.774997E-17
5940.0861342492  9.009042E-17
5940.57135793472  1.026381E-16
5941.05658162025  9.990482E-17
5941.54180530578  9.633555E-17
5942.02702899131  9.045407E-17
5942.51225267684  8.738655E-17
5942.99747636236  1.011284E-16
5943.48270004789  9.110511E-17
5943.96792373342  9.455410E-17
5944.45314741895  9.179884E-17
5944.93837110448  8.474325E-17
5945.42359479001  9.437955E-17
5945.90881847553  9.391089E-17
5946.39404216106  8.430870E-17
5946.87926584659  9.394157E-17
5947.36448953212  8.546510E-17
5947.84971321764  8.374754E-17
5948.33493690317  9.206250E-17
5948.8201605887  9.377570E-17
5949.30538427423  8.448295E-17
5949.79060795976  8.439414E-17
5950.27583164528  8.355545E-17
5950.76105533081  7.734289E-17
5951.24627901634  8.901721E-17
5951.73150270187  8.350470E-17
5952.2167263874  9.056853E-17
5952.70195007293  8.299247E-17
5953.18717375845  7.733023E-17
5953.67239744398  9.166559E-17
5954.15762112951  8.724244E-17
5954.64284481504  6.798207E-17
5955.12806850057  7.832541E-17
5955.61329218609  1.019458E-16
5956.09851587162  8.050795E-17
5956.58373955715  6.212097E-17
5957.06896324268  7.755524E-17
5957.55418692821  8.959792E-17
5958.03941061373  7.229532E-17
5958.52463429926  7.381081E-17
5959.00985798479  9.018125E-17
5959.49508167032  9.475000E-17
5959.98030535585  8.007509E-17
5960.46552904137  9.422269E-17
5960.9507527269  8.965441E-17
5961.43597641243  8.272109E-17
5961.92120009796  7.490489E-17
5962.40642378349  8.293251E-17
5962.89164746902  8.193483E-17
5963.37687115454  8.639682E-17
5963.86209484007  8.225368E-17
5964.3473185256  8.517882E-17
5964.83254221113  8.652305E-17
5965.31776589666  8.769529E-17
5965.80298958218  7.750111E-17
5966.28821326771  7.386391E-17
5966.77343695324  8.490346E-17
5967.25866063877  8.586514E-17
5967.7438843243  7.797448E-17
5968.22910800982  7.963724E-17
5968.71433169535  8.735948E-17
5969.19955538088  9.651955E-17
5969.68477906641  9.081391E-17
5970.17000275194  8.769075E-17
5970.65522643747  9.419067E-17
5971.14045012299  9.177613E-17
5971.62567380852  8.400023E-17
5972.11089749405  8.556594E-17
5972.59612117958  9.163491E-17
5973.08134486511  8.748576E-17
5973.56656855063  8.514523E-17
5974.05179223616  8.446681E-17
5974.53701592169  8.676419E-17
5975.02223960722  9.311642E-17
5975.50746329275  9.001828E-17
5975.99268697828  9.188870E-17
5976.4779106638  9.139216E-17
5976.96313434933  8.056259E-17
5977.44835803486  8.690927E-17
5977.93358172039  8.947970E-17
5978.41880540591  7.533962E-17
5978.90402909144  8.748422E-17
5979.38925277697  9.425710E-17
5979.8744764625  9.560317E-17
5980.35970014803  9.337173E-17
5980.84492383355  1.006572E-16
5981.33014751908  1.003519E-16
5981.81537120461  8.927101E-17
5982.30059489014  9.880992E-17
5982.78581857567  9.479722E-17
5983.2710422612  9.115528E-17
5983.75626594672  8.070014E-17
5984.24148963225  9.040688E-17
5984.72671331778  9.379402E-17
5985.21193700331  9.752351E-17
5985.69716068884  9.875174E-17
5986.18238437436  1.000698E-16
5986.66760805989  9.338247E-17
5987.15283174542  8.867214E-17
5987.63805543095  1.017437E-16
5988.12327911648  1.030492E-16
5988.608502802  9.790572E-17
5989.09372648753  9.425523E-17
5989.57895017306  8.474160E-17
5990.06417385859  8.580584E-17
5990.54939754412  1.009806E-16
5991.03462122964  8.672045E-17
5991.51984491517  9.585214E-17
5992.0050686007  1.033047E-16
5992.49029228623  9.103628E-17
5992.97551597176  8.336772E-17
5993.46073965729  7.772208E-17
5993.94596334281  8.246740E-17
5994.43118702834  8.836396E-17
5994.91641071387  8.685370E-17
5995.4016343994  9.179546E-17
5995.88685808493  8.620430E-17
5996.37208177045  8.001369E-17
5996.85730545598  7.932909E-17
5997.34252914151  8.015334E-17
5997.82775282704  7.430215E-17
5998.31297651257  7.032584E-17
5998.79820019809  8.124338E-17
5999.28342388362  8.477932E-17
5999.76864756915  8.316562E-17
6000.25387125468  8.350109E-17
6000.73909494021  9.171393E-17
6001.22431862573  8.755172E-17
6001.70954231126  8.496207E-17
6002.19476599679  8.441833E-17
6002.67998968232  9.148608E-17
6003.16521336785  9.508916E-17
6003.65043705338  8.413582E-17
6004.1356607389  9.047344E-17
6004.62088442443  8.641552E-17
6005.10610810996  8.950772E-17
6005.59133179549  9.045307E-17
6006.07655548102  8.077493E-17
6006.56177916654  8.441729E-17
6007.04700285207  8.140336E-17
6007.5322265376  7.924730E-17
6008.01745022313  7.817520E-17
6008.50267390866  8.356505E-17
6008.98789759418  7.745959E-17
6009.47312127971  7.430192E-17
6009.95834496524  8.675545E-17
6010.44356865077  7.216762E-17
6010.9287923363  6.901194E-17
6011.41401602182  7.817092E-17
6011.89923970735  7.536343E-17
6012.38446339288  8.133765E-17
6012.86968707841  8.354214E-17
6013.35491076394  8.727358E-17
6013.84013444946  8.224738E-17
6014.32535813499  6.943042E-17
6014.81058182052  7.909795E-17
6015.29580550605  8.153493E-17
6015.78102919158  7.825073E-17
6016.26625287711  8.319876E-17
6016.75147656263  7.318498E-17
6017.23670024816  7.139635E-17
6017.72192393369  7.954107E-17
6018.20714761922  7.929695E-17
6018.69237130475  7.124994E-17
6019.17759499027  7.013661E-17
6019.6628186758  8.189397E-17
6020.14804236133  8.451608E-17
6020.63326604686  7.352777E-17
6021.11848973239  6.822995E-17
6021.60371341792  8.592953E-17
6022.08893710344  8.336596E-17
6022.57416078897  8.358930E-17
6023.0593844745  7.539216E-17
6023.54460816003  6.579989E-17
6024.02983184556  8.890259E-17
6024.51505553108  1.012092E-16
6025.00027921661  7.150303E-17
6025.48550290214  7.224812E-17
6025.97072658767  8.218720E-17
6026.4559502732  7.990758E-17
6026.94117395872  8.175696E-17
6027.42639764425  6.540743E-17
6027.91162132978  6.508611E-17
6028.39684501531  7.120498E-17
6028.88206870084  7.117058E-17
6029.36729238636  7.576960E-17
6029.85251607189  7.851001E-17
6030.33773975742  7.383419E-17
6030.82296344295  8.041070E-17
6031.30818712848  6.751540E-17
6031.793410814  7.364838E-17
6032.27863449953  9.290365E-17
6032.76385818506  8.624731E-17
6033.24908187059  6.528958E-17
6033.73430555612  7.008643E-17
6034.21952924164  7.758853E-17
6034.70475292717  7.822922E-17
6035.1899766127  7.914335E-17
6035.67520029823  8.684368E-17
6036.16042398376  8.282111E-17
6036.64564766928  8.303543E-17
6037.13087135481  7.884478E-17
6037.61609504034  6.949785E-17
6038.10131872587  8.325044E-17
6038.5865424114  7.393600E-17
6039.07176609692  6.694273E-17
6039.55698978245  7.676882E-17
6040.04221346798  7.951822E-17
6040.52743715351  8.084634E-17
6041.01266083904  9.007177E-17
6041.49788452457  8.069973E-17
6041.98310821009  8.371175E-17
6042.46833189562  6.822179E-17
6042.95355558115  7.522407E-17
6043.43877926668  7.431573E-17
6043.92400295221  7.390688E-17
6044.40922663773  7.530311E-17
6044.89445032326  7.906875E-17
6045.37967400879  7.718366E-17
6045.86489769432  6.753682E-17
6046.35012137985  8.726088E-17
6046.83534506537  8.458458E-17
6047.3205687509  6.302856E-17
6047.80579243643  6.463256E-17
6048.29101612196  6.971507E-17
6048.77623980749  8.000593E-17
6049.26146349302  7.099033E-17
6049.74668717854  6.772594E-17
6050.23191086407  7.180237E-17
6050.7171345496  7.858239E-17
6051.20235823513  6.994761E-17
6051.68758192066  7.658802E-17
6052.17280560618  9.347971E-17
6052.65802929171  7.060429E-17
6053.14325297724  7.130393E-17
6053.62847666277  9.011925E-17
6054.1137003483  9.444435E-17
6054.59892403382  1.005150E-16
6055.08414771935  1.116504E-16
6055.56937140488  8.731531E-17
6056.05459509041  8.282909E-17
6056.53981877594  7.756081E-17
6057.02504246146  8.349050E-17
6057.51026614699  8.500795E-17
6057.99548983252  7.922348E-17
6058.48071351805  6.989515E-17
6058.96593720358  7.777498E-17
6059.45116088911  7.921054E-17
6059.93638457463  7.609632E-17
6060.42160826016  9.310079E-17
6060.90683194569  8.738430E-17
6061.39205563122  7.320664E-17
6061.87727931675  7.264451E-17
6062.36250300227  7.687702E-17
6062.8477266878  8.933899E-17
6063.33295037333  8.288741E-17
6063.81817405886  8.202141E-17
6064.30339774439  8.865836E-17
6064.78862142991  7.701678E-17
6065.27384511544  7.783599E-17
6065.75906880097  6.947862E-17
6066.2442924865  7.365861E-17
6066.72951617203  6.850785E-17
6067.21473985755  7.827418E-17
6067.69996354308  7.994051E-17
6068.18518722861  8.074250E-17
6068.67041091414  7.734889E-17
6069.15563459967  8.000456E-17
6069.6408582852  8.064243E-17
6070.12608197072  7.995125E-17
6070.61130565625  8.507895E-17
6071.09652934178  7.812618E-17
6071.58175302731  6.830768E-17
6072.06697671283  8.131800E-17
6072.55220039836  8.770744E-17
6073.03742408389  7.957427E-17
6073.52264776942  8.823097E-17
6074.00787145495  8.371498E-17
6074.49309514048  7.538445E-17
6074.978318826  8.843870E-17
6075.46354251153  8.544084E-17
6075.94876619706  8.336161E-17
6076.43398988259  8.455941E-17
6076.91921356812  8.532371E-17
6077.40443725364  9.198814E-17
6077.88966093917  7.760127E-17
6078.3748846247  8.046618E-17
6078.86010831023  9.139085E-17
6079.34533199576  8.929425E-17
6079.83055568129  8.266376E-17
6080.31577936681  8.674194E-17
6080.80100305234  8.841938E-17
6081.28622673787  8.304066E-17
6081.7714504234  7.688027E-17
6082.25667410892  8.412103E-17
6082.74189779445  8.047003E-17
6083.22712147998  8.502398E-17
6083.71234516551  7.578743E-17
6084.19756885104  9.335574E-17
6084.68279253657  8.697272E-17
6085.1680162221  8.073451E-17
6085.65323990762  8.269745E-17
6086.13846359315  8.167282E-17
6086.62368727868  8.007206E-17
6087.10891096421  8.211348E-17
6087.59413464973  8.217085E-17
6088.07935833526  8.129593E-17
6088.56458202079  7.815562E-17
6089.04980570632  7.575830E-17
6089.53502939185  6.780873E-17
6090.02025307737  8.445451E-17
6090.5054767629  7.525588E-17
6090.99070044843  6.814763E-17
6091.47592413396  7.445045E-17
6091.96114781949  7.427991E-17
6092.44637150502  8.419951E-17
6092.93159519054  9.142983E-17
6093.41681887607  8.384414E-17
6093.9020425616  7.518507E-17
6094.38726624713  8.229609E-17
6094.87248993266  9.289674E-17
6095.35771361818  8.031775E-17
6095.84293730371  7.980072E-17
6096.32816098924  7.918165E-17
6096.81338467477  6.604508E-17
6097.2986083603  8.413815E-17
6097.78383204582  8.939008E-17
6098.26905573135  7.920672E-17
6098.75427941688  8.955991E-17
6099.23950310241  8.422947E-17
6099.72472678794  7.936098E-17
6100.20995047347  8.722776E-17
6100.69517415899  9.688577E-17
6101.18039784452  9.333993E-17
6101.66562153005  8.172395E-17
6102.15084521558  8.054229E-17
6102.6360689011  8.390337E-17
6103.12129258663  8.200866E-17
6103.60651627216  8.084486E-17
6104.09173995769  8.756136E-17
6104.57696364322  9.190786E-17
6105.06218732875  8.584036E-17
6105.54741101427  7.301036E-17
6106.0326346998  8.031484E-17
6106.51785838533  8.853734E-17
6107.00308207086  7.855094E-17
6107.48830575639  7.890324E-17
6107.97352944191  9.076949E-17
6108.45875312744  9.106486E-17
6108.94397681297  8.805825E-17
6109.4292004985  9.246233E-17
6109.91442418403  9.081448E-17
6110.39964786955  9.831306E-17
6110.88487155508  1.110614E-16
6111.37009524061  1.038167E-16
6111.85531892614  9.747433E-17
6112.34054261167  1.012123E-16
6112.82576629719  1.044356E-16
6113.31098998272  1.003787E-16
6113.79621366825  9.038560E-17
6114.28143735378  9.358187E-17
6114.76666103931  1.003502E-16
6115.25188472484  9.454590E-17
6115.73710841036  9.845295E-17
6116.22233209589  9.161788E-17
6116.70755578142  7.423552E-17
6117.19277946695  1.020101E-16
6117.67800315248  1.081868E-16
6118.163226838  9.500713E-17
6118.64845052353  1.028073E-16
6119.13367420906  1.001537E-16
6119.61889789459  1.016057E-16
6120.10412158012  9.537439E-17
6120.58934526564  9.693983E-17
6121.07456895117  1.032473E-16
6121.5597926367  9.688213E-17
6122.04501632223  9.169530E-17
6122.53024000776  9.940405E-17
6123.01546369328  1.045783E-16
6123.50068737881  1.017580E-16
6123.98591106434  9.706471E-17
6124.47113474987  9.427164E-17
6124.9563584354  9.400517E-17
6125.44158212093  9.768607E-17
6125.92680580645  1.057612E-16
6126.41202949198  1.025331E-16
6126.89725317751  1.033967E-16
6127.38247686304  9.488235E-17
6127.86770054857  1.006332E-16
6128.35292423409  1.026699E-16
6128.83814791962  9.979197E-17
6129.32337160515  1.032825E-16
6129.80859529068  9.300563E-17
6130.29381897621  8.963376E-17
6130.77904266173  9.628806E-17
6131.26426634726  1.012524E-16
6131.74949003279  1.070590E-16
6132.23471371832  1.147943E-16
6132.71993740385  1.048124E-16
6133.20516108938  1.018690E-16
6133.6903847749  9.815905E-17
6134.17560846043  9.355334E-17
6134.66083214596  1.118790E-16
6135.14605583149  1.150748E-16
6135.63127951701  1.047081E-16
6136.11650320254  1.058346E-16
6136.60172688807  1.006181E-16
6137.0869505736  1.054506E-16
6137.57217425913  1.100938E-16
6138.05739794466  1.056254E-16
6138.54262163019  9.551300E-17
6139.02784531571  1.098905E-16
6139.51306900124  1.173669E-16
6139.99829268677  1.236761E-16
6140.4835163723  1.179936E-16
6140.96874005782  9.655513E-17
6141.45396374335  1.081737E-16
6141.93918742888  1.128095E-16
6142.42441111441  1.074632E-16
6142.90963479994  1.067546E-16
6143.39485848547  1.128352E-16
6143.88008217099  1.134509E-16
6144.36530585652  1.069988E-16
6144.85052954205  1.153729E-16
6145.33575322758  1.032557E-16
6145.82097691311  1.066951E-16
6146.30620059863  1.218206E-16
6146.79142428416  1.097516E-16
6147.27664796969  1.084755E-16
6147.76187165522  9.834948E-17
6148.24709534074  9.471263E-17
6148.73231902627  1.003971E-16
6149.2175427118  1.072778E-16
6149.70276639733  9.709189E-17
6150.18799008286  8.850534E-17
6150.67321376838  9.855991E-17
6151.15843745391  9.367975E-17
6151.64366113944  8.607309E-17
6152.12888482497  9.727925E-17
6152.6141085105  9.896029E-17
6153.09933219603  9.408387E-17
6153.58455588155  7.989985E-17
6154.06977956708  9.214128E-17
6154.55500325261  8.984684E-17
6155.04022693814  9.719827E-17
6155.52545062367  9.806049E-17
6156.01067430919  9.579577E-17
6156.49589799472  8.234731E-17
6156.98112168025  8.269811E-17
6157.46634536578  9.890104E-17
6157.95156905131  9.204362E-17
6158.43679273683  8.235371E-17
6158.92201642236  9.395908E-17
6159.40724010789  8.125056E-17
6159.89246379342  7.703346E-17
6160.37768747895  8.381893E-17
6160.86291116447  6.993891E-17
6161.34813485  7.588180E-17
6161.83335853553  7.705551E-17
6162.31858222106  8.669215E-17
6162.80380590659  8.542254E-17
6163.28902959212  6.966735E-17
6163.77425327764  7.682038E-17
6164.25947696317  6.588999E-17
6164.7447006487  7.947670E-17
6165.22992433423  8.560625E-17
6165.71514801976  7.297955E-17
6166.20037170528  7.521185E-17
6166.68559539081  7.198881E-17
6167.17081907634  7.696855E-17
6167.65604276187  7.740136E-17
6168.1412664474  8.312394E-17
6168.62649013293  8.155210E-17
6169.11171381845  7.616928E-17
6169.59693750398  9.086300E-17
6170.08216118951  9.002700E-17
6170.56738487504  9.143961E-17
6171.05260856057  9.119535E-17
6171.53783224609  9.694513E-17
6172.02305593162  8.450075E-17
6172.50827961715  8.264847E-17
6172.99350330268  8.402440E-17
6173.47872698821  8.532403E-17
6173.96395067373  7.348445E-17
6174.44917435926  8.533133E-17
6174.93439804479  8.759733E-17
6175.41962173032  7.959712E-17
6175.90484541585  8.559656E-17
6176.39006910137  8.662636E-17
6176.8752927869  7.909819E-17
6177.36051647243  8.087116E-17
6177.84574015796  8.950050E-17
6178.33096384349  8.926664E-17
6178.81618752901  7.214927E-17
6179.30141121454  7.634380E-17
6179.78663490007  7.764735E-17
6180.2718585856  9.466845E-17
6180.75708227113  8.948648E-17
6181.24230595666  8.751263E-17
6181.72752964218  8.725891E-17
6182.21275332771  8.379230E-17
6182.69797701324  7.553657E-17
6183.18320069877  7.836479E-17
6183.6684243843  7.045312E-17
6184.15364806982  8.072978E-17
6184.63887175535  9.364100E-17
6185.12409544088  7.592484E-17
6185.60931912641  7.888320E-17
6186.09454281194  9.046486E-17
6186.57976649746  7.568456E-17
6187.06499018299  9.209030E-17
6187.55021386852  7.154934E-17
6188.03543755405  6.977476E-17
6188.52066123958  7.777510E-17
6189.00588492511  7.599284E-17
6189.49110861063  8.335653E-17
6189.97633229616  8.557702E-17
6190.46155598169  9.269606E-17
6190.94677966722  7.770664E-17
6191.43200335275  8.622860E-17
6191.91722703827  9.480848E-17
6192.4024507238  8.781257E-17
6192.88767440933  8.738905E-17
6193.37289809486  7.537522E-17
6193.85812178038  8.548397E-17
6194.34334546591  7.381056E-17
6194.82856915144  8.836282E-17
6195.31379283697  8.726664E-17
6195.7990165225  8.489631E-17
6196.28424020803  7.516006E-17
6196.76946389355  7.874881E-17
6197.25468757908  7.636481E-17
6197.73991126461  7.882127E-17
6198.22513495014  8.528988E-17
6198.71035863567  8.342345E-17
6199.19558232119  9.135113E-17
6199.68080600672  8.828827E-17
6200.16602969225  8.895741E-17
6200.65125337778  9.570815E-17
6201.13647706331  8.763967E-17
6201.62170074883  8.000807E-17
6202.10692443436  8.832598E-17
6202.59214811989  8.474905E-17
6203.07737180542  8.386875E-17
6203.56259549095  8.772861E-17
6204.04781917648  9.059869E-17
6204.533042862  7.917660E-17
6205.01826654753  1.005681E-16
6205.50349023306  9.061396E-17
6205.98871391859  8.665263E-17
6206.47393760412  8.349795E-17
6206.95916128965  8.379262E-17
6207.44438497517  1.060345E-16
6207.9296086607  1.056970E-16
6208.41483234623  9.628681E-17
6208.90005603176  1.099459E-16
6209.38527971728  9.001467E-17
6209.87050340281  9.964091E-17
6210.35572708834  9.302378E-17
6210.84095077387  9.809673E-17
6211.3261744594  1.033608E-16
6211.81139814492  1.131941E-16
6212.29662183045  9.772260E-17
6212.78184551598  9.648339E-17
6213.26706920151  1.160008E-16
6213.75229288704  1.281087E-16
6214.23751657256  1.048996E-16
6214.72274025809  8.384755E-17
6215.20796394362  9.148452E-17
6215.69318762915  1.123487E-16
6216.17841131468  1.184591E-16
6216.66363500021  1.186149E-16
6217.14885868573  1.124097E-16
6217.63408237126  1.026334E-16
6218.11930605679  1.089520E-16
6218.60452974232  1.077060E-16
6219.08975342785  1.120019E-16
6219.57497711337  1.127569E-16
6220.0602007989  9.783257E-17
6220.54542448443  1.054274E-16
6221.03064816996  1.157347E-16
6221.51587185549  1.231894E-16
6222.00109554102  1.064351E-16
6222.48631922654  1.156719E-16
6222.97154291207  1.184580E-16
6223.4567665976  1.275347E-16
6223.94199028313  1.227370E-16
6224.42721396866  1.152806E-16
6224.91243765418  1.091319E-16
6225.39766133971  1.169612E-16
6225.88288502524  1.155350E-16
6226.36810871077  1.339188E-16
6226.8533323963  1.364359E-16
6227.33855608182  1.206252E-16
6227.82377976735  1.001397E-16
6228.30900345288  1.122494E-16
6228.79422713841  1.092833E-16
6229.27945082394  1.159180E-16
6229.76467450946  1.262009E-16
6230.24989819499  1.313214E-16
6230.73512188052  1.305492E-16
6231.22034556605  1.342987E-16
6231.70556925158  1.201130E-16
6232.1907929371  9.615709E-17
6232.67601662263  1.116540E-16
6233.16124030816  1.234919E-16
6233.64646399369  1.410205E-16
6234.13168767922  1.073408E-16
6234.61691136474  9.463949E-17
6235.10213505027  1.133433E-16
6235.5873587358  1.203297E-16
6236.07258242133  1.353948E-16
6236.55780610686  1.241853E-16
6237.04302979238  1.172131E-16
6237.52825347791  1.096444E-16
6238.01347716344  1.146776E-16
6238.49870084897  1.234220E-16
6238.9839245345  1.321259E-16
6239.46914822003  1.316620E-16
6239.95437190555  1.282159E-16
6240.43959559108  1.211385E-16
6240.92481927661  1.144783E-16
6241.41004296214  1.235630E-16
6241.89526664767  1.183571E-16
6242.3804903332  1.311400E-16
6242.86571401872  1.360668E-16
6243.35093770425  1.327092E-16
6243.83616138978  1.025983E-16
6244.32138507531  1.007480E-16
6244.80660876083  1.136987E-16
6245.29183244636  1.235866E-16
6245.77705613189  1.257921E-16
6246.26227981742  1.261542E-16
6246.74750350295  1.120561E-16
6247.23272718848  1.182490E-16
6247.717950874  1.058862E-16
6248.20317455953  1.077066E-16
6248.68839824506  9.982864E-17
6249.17362193059  9.713619E-17
6249.65884561612  1.048707E-16
6250.14406930164  1.043524E-16
6250.62929298717  9.576263E-17
6251.1145166727  8.950534E-17
6251.59974035823  9.505596E-17
6252.08496404376  9.971351E-17
6252.57018772928  8.795857E-17
6253.05541141481  1.058912E-16
6253.54063510034  1.020765E-16
6254.02585878587  8.662959E-17
6254.5110824714  9.814837E-17
6254.99630615692  1.244315E-16
6255.48152984245  2.092059E-16
6255.96675352798  1.831512E-16
6256.45197721351  6.433432E-17
6256.93720089904  1.011800E-17
6257.42242458457  3.422014E-17
6257.90764827009  8.108302E-17
6258.39287195562  8.231758E-17
6258.87809564115  9.151722E-17
6259.36331932668  1.163615E-16
6259.84854301221  9.532099E-17
6260.33376669774  9.615583E-17
6260.81899038326  9.913160E-17
6261.30421406879  9.620338E-17
6261.78943775432  9.471302E-17
6262.27466143985  1.072274E-16
6262.75988512537  1.111761E-16
6263.2451088109  8.213469E-17
6263.73033249643  7.305790E-17
6264.21555618196  9.791396E-17
6264.70077986749  9.240732E-17
6265.18600355301  9.019410E-17
6265.67122723854  9.122477E-17
6266.15645092407  9.630594E-17
6266.6416746096  8.865836E-17
6267.12689829513  9.319499E-17
6267.61212198065  9.120767E-17
6268.09734566618  1.041293E-16
6268.58256935171  9.655564E-17
6269.06779303724  1.051540E-16
6269.55301672277  8.707056E-17
6270.0382404083  8.727819E-17
6270.52346409382  8.380648E-17
6271.00868777935  9.626906E-17
6271.49391146488  1.005156E-16
6271.97913515041  9.220495E-17
6272.46435883593  7.849128E-17
6272.94958252146  8.601473E-17
6273.43480620699  9.257641E-17
6273.92002989252  8.452984E-17
6274.40525357805  7.881782E-17
6274.89047726358  9.019119E-17
6275.3757009491  8.896352E-17
6275.86092463463  8.195312E-17
6276.34614832016  9.447819E-17
6276.83137200569  9.263884E-17
6277.31659569122  8.995382E-17
6277.80181937674  9.213810E-17
6278.28704306227  8.466790E-17
6278.7722667478  8.050673E-17
6279.25749043333  8.821640E-17
6279.74271411886  9.217058E-17
6280.22793780439  8.275256E-17
6280.71316148991  9.782518E-17
6281.19838517544  9.724909E-17
6281.68360886097  9.428826E-17
6282.1688325465  9.258469E-17
6282.65405623202  8.397397E-17
6283.13927991755  8.106861E-17
6283.62450360308  8.660082E-17
6284.10972728861  1.031892E-16
6284.59495097414  1.024347E-16
6285.08017465967  9.239330E-17
6285.56539834519  1.026035E-16
6286.05062203072  7.267010E-17
6286.53584571625  7.238151E-17
6287.02106940178  9.515472E-17
6287.50629308731  9.392895E-17
6287.99151677283  9.851900E-17
6288.47674045836  8.872192E-17
6288.96196414389  8.976328E-17
6289.44718782942  9.918578E-17
6289.93241151495  8.429564E-17
6290.41763520047  9.053327E-17
6290.902858886  8.457519E-17
6291.38808257153  8.597651E-17
6291.87330625706  8.699410E-17
6292.35852994259  9.357811E-17
6292.84375362812  1.105425E-16
6293.32897731364  8.800246E-17
6293.81420099917  9.298660E-17
6294.2994246847  9.847283E-17
6294.78464837023  8.117413E-17
6295.26987205576  8.409037E-17
6295.75509574128  9.305924E-17
6296.24031942681  8.256751E-17
6296.72554311234  9.209814E-17
6297.21076679787  1.103001E-16
6297.6959904834  1.048153E-16
6298.18121416892  1.094229E-16
6298.66643785445  8.891063E-17
6299.15166153998  7.619356E-17
6299.63688522551  9.095581E-17
6300.12210891104  9.719108E-17
6300.60733259657  8.731717E-17
6301.09255628209  8.993094E-17
6301.57777996762  9.765802E-17
6302.06300365315  8.663162E-17
6302.54822733868  9.586923E-17
6303.03345102421  8.403155E-17
6303.51867470973  8.494115E-17
6304.00389839526  8.060375E-17
6304.48912208079  8.900077E-17
6304.97434576632  9.246177E-17
6305.45956945185  8.110793E-17
6305.94479313737  1.004881E-16
6306.4300168229  8.480772E-17
6306.91524050843  8.996009E-17
6307.40046419396  1.045268E-16
6307.88568787949  9.632365E-17
6308.37091156501  8.955772E-17
6308.85613525054  8.220114E-17
6309.34135893607  9.030335E-17
6309.8265826216  9.456514E-17
6310.31180630713  8.494656E-17
6310.79702999265  9.053930E-17
6311.28225367818  1.013538E-16
6311.76747736371  8.952519E-17
6312.25270104924  9.105287E-17
6312.73792473477  8.145413E-17
6313.2231484203  7.920615E-17
6313.70837210582  8.732468E-17
6314.19359579135  9.331868E-17
6314.67881947688  8.476042E-17
6315.16404316241  1.019228E-16
6315.64926684793  9.802655E-17
6316.13449053346  8.287114E-17
6316.61971421899  7.895975E-17
6317.10493790452  7.462974E-17
6317.59016159005  8.574083E-17
6318.07538527558  9.765016E-17
6318.56060896111  1.003754E-16
6319.04583264663  1.061681E-16
6319.53105633216  8.008037E-17
6320.01628001769  5.636491E-17
6320.50150370322  6.135819E-17
6320.98672738874  7.958486E-17
6321.47195107427  7.586503E-17
6321.9571747598  8.963910E-17
6322.44239844533  9.865511E-17
6322.92762213086  8.293378E-17
6323.41284581638  8.388928E-17
6323.89806950191  9.312516E-17
6324.38329318744  7.578324E-17
6324.86851687297  9.287255E-17
6325.3537405585  9.568899E-17
6325.83896424403  8.839215E-17
6326.32418792955  8.827994E-17
6326.80941161508  8.322517E-17
6327.29463530061  8.424087E-17
6327.77985898614  8.095726E-17
6328.26508267167  8.470404E-17
6328.75030635719  9.069949E-17
6329.23553004272  8.872271E-17
6329.72075372825  9.345364E-17
6330.20597741378  9.017833E-17
6330.69120109931  9.233276E-17
6331.17642478484  8.662138E-17
6331.66164847036  7.766861E-17
6332.14687215589  8.618180E-17
6332.63209584142  7.810155E-17
6333.11731952695  7.713136E-17
6333.60254321248  9.525872E-17
6334.087766898  8.816937E-17
6334.57299058353  9.102327E-17
6335.05821426906  8.593007E-17
6335.54343795459  9.172528E-17
6336.02866164011  1.076389E-16
6336.51388532564  9.284071E-17
6336.99910901117  7.193942E-17
6337.4843326967  8.368982E-17
6337.96955638223  8.482295E-17
6338.45478006776  8.218909E-17
6338.94000375328  9.087548E-17
6339.42522743881  9.535278E-17
6339.91045112434  8.901972E-17
6340.39567480987  8.492827E-17
6340.8808984954  9.069802E-17
6341.36612218092  1.015970E-16
6341.85134586645  9.383257E-17
6342.33656955198  8.901203E-17
6342.82179323751  9.054221E-17
6343.30701692304  9.605681E-17
6343.79224060857  8.027039E-17
6344.27746429409  8.620840E-17
6344.76268797962  1.016144E-16
6345.24791166515  8.662036E-17
6345.73313535068  9.203914E-17
6346.21835903621  9.707255E-17
6346.70358272173  8.312376E-17
6347.18880640726  8.927457E-17
6347.67403009279  9.725992E-17
6348.15925377832  1.009200E-16
6348.64447746385  9.397630E-17
6349.12970114937  9.389555E-17
6349.6149248349  1.003114E-16
6350.10014852043  8.952824E-17
6350.58537220596  8.988368E-17
6351.07059589149  8.265767E-17
6351.55581957701  1.029266E-16
6352.04104326254  1.008709E-16
6352.52626694807  8.653532E-17
6353.0114906336  7.952623E-17
6353.49671431913  1.021557E-16
6353.98193800465  1.025423E-16
6354.46716169018  8.973844E-17
6354.95238537571  8.321736E-17
6355.43760906124  9.208502E-17
6355.92283274677  9.426976E-17
6356.40805643229  9.093529E-17
6356.89328011782  8.340815E-17
6357.37850380335  8.448882E-17
6357.86372748888  8.878072E-17
6358.34895117441  8.973029E-17
6358.83417485993  9.396897E-17
6359.31939854546  9.560337E-17
6359.80462223099  9.329557E-17
6360.28984591652  1.008835E-16
6360.77506960205  8.589456E-17
6361.26029328758  7.959080E-17
6361.7455169731  8.125372E-17
6362.23074065863  9.954141E-17
6362.71596434416  8.987006E-17
6363.20118802969  7.399427E-17
6363.68641171522  6.974307E-17
6364.17163540074  9.050587E-17
6364.65685908627  9.874072E-17
6365.1420827718  8.301346E-17
6365.62730645733  9.561051E-17
6366.11253014286  1.085040E-16
6366.59775382839  9.291595E-17
6367.08297751391  8.595813E-17
6367.56820119944  1.001030E-16
6368.05342488497  9.420884E-17
6368.5386485705  8.119371E-17
6369.02387225602  8.728506E-17
6369.50909594155  9.112836E-17
6369.99431962708  8.470750E-17
6370.47954331261  9.356871E-17
6370.96476699814  9.693212E-17
6371.44999068367  8.501226E-17
6371.93521436919  8.303586E-17
6372.42043805472  9.673031E-17
6372.90566174025  8.418165E-17
6373.39088542578  7.071223E-17
6373.87610911131  9.415019E-17
6374.36133279683  8.995294E-17
6374.84655648236  8.548640E-17
6375.33178016789  1.003576E-16
6375.81700385342  7.728897E-17
6376.30222753895  9.241661E-17
6376.78745122448  7.872556E-17
6377.27267491  9.048125E-17
6377.75789859553  8.105041E-17
6378.24312228106  8.004642E-17
6378.72834596659  8.867602E-17
6379.21356965211  1.070045E-16
6379.69879333764  8.815345E-17
6380.18401702317  9.107963E-17
6380.6692407087  9.316789E-17
6381.15446439423  8.775270E-17
6381.63968807976  9.003362E-17
6382.12491176528  1.015885E-16
6382.61013545081  9.107974E-17
6383.09535913634  7.341740E-17
6383.58058282187  8.554574E-17
6384.0658065074  8.775404E-17
6384.55103019292  9.832914E-17
6385.03625387845  9.476889E-17
6385.52147756398  8.200997E-17
6386.00670124951  9.105989E-17
6386.49192493504  8.671510E-17
6386.97714862056  9.714940E-17
6387.46237230609  9.702264E-17
6387.94759599162  9.939342E-17
6388.43281967715  9.328891E-17
6388.91804336268  7.978540E-17
6389.40326704821  9.017923E-17
6389.88849073373  8.180811E-17
6390.37371441926  8.100052E-17
6390.85893810479  9.455738E-17
6391.34416179032  1.004873E-16
6391.82938547585  9.132576E-17
6392.31460916137  9.324253E-17
6392.7998328469  8.788846E-17
6393.28505653243  8.514461E-17
6393.77028021796  8.715896E-17
6394.25550390348  9.466357E-17
6394.74072758901  8.687887E-17
6395.22595127454  9.162120E-17
6395.71117496007  1.004987E-16
6396.1963986456  8.683299E-17
6396.68162233113  9.646103E-17
6397.16684601665  1.048372E-16
6397.65206970218  9.373415E-17
6398.13729338771  8.912463E-17
6398.62251707324  9.932134E-17
6399.10774075877  1.155769E-16
6399.59296444429  1.060682E-16
6400.07818812982  9.508188E-17
6400.56341181535  1.088492E-16
6401.04863550088  1.026457E-16
6401.53385918641  1.012169E-16
6402.01908287194  1.102809E-16
6402.50430655746  9.609232E-17
6402.98953024299  9.851395E-17
6403.47475392852  1.016096E-16
6403.95997761405  1.045354E-16
6404.44520129958  1.174900E-16
6404.9304249851  1.034568E-16
6405.41564867063  9.507529E-17
6405.90087235616  8.784319E-17
6406.38609604169  1.069428E-16
6406.87131972722  1.228890E-16
6407.35654341274  1.093766E-16
6407.84176709827  1.039206E-16
6408.3269907838  1.098335E-16
6408.81221446933  1.129305E-16
6409.29743815486  9.776937E-17
6409.78266184038  1.002642E-16
6410.26788552591  1.046245E-16
6410.75310921144  1.369295E-16
6411.23833289697  1.180265E-16
6411.7235565825  1.146896E-16
6412.20878026802  1.082017E-16
6412.69400395355  1.091595E-16
6413.17922763908  1.268843E-16
6413.66445132461  1.232566E-16
6414.14967501014  1.190192E-16
6414.63489869567  1.004366E-16
6415.12012238119  1.007351E-16
6415.60534606672  1.132757E-16
6416.09056975225  1.088956E-16
6416.57579343778  1.112672E-16
6417.06101712331  1.127044E-16
6417.54624080883  1.104612E-16
6418.03146449436  1.266478E-16
6418.51668817989  1.200566E-16
6419.00191186542  8.887213E-17
6419.48713555095  1.032808E-16
6419.97235923647  1.144788E-16
6420.457582922  1.172768E-16
6420.94280660753  1.065857E-16
6421.42803029306  1.231060E-16
6421.91325397859  1.243744E-16
6422.39847766412  1.115947E-16
6422.88370134964  1.224769E-16
6423.36892503517  1.140238E-16
6423.8541487207  1.354273E-16
6424.33937240623  1.275345E-16
6424.82459609176  1.191469E-16
6425.30981977728  1.253196E-16
6425.79504346281  1.255490E-16
6426.28026714834  1.147959E-16
6426.76549083387  1.336673E-16
6427.25071451939  1.154925E-16
6427.73593820492  1.153023E-16
6428.22116189045  1.238028E-16
6428.70638557598  1.484407E-16
6429.19160926151  1.460405E-16
6429.67683294704  1.328198E-16
6430.16205663256  1.381933E-16
6430.64728031809  1.287213E-16
6431.13250400362  1.187206E-16
6431.61772768915  1.255660E-16
6432.10295137468  1.365226E-16
6432.5881750602  1.196947E-16
6433.07339874573  1.205746E-16
6433.55862243126  1.331252E-16
6434.04384611679  1.364498E-16
6434.52906980232  1.196629E-16
6435.01429348784  1.102889E-16
6435.49951717337  1.001880E-16
6435.9847408589  1.143650E-16
6436.46996454443  1.481561E-16
6436.95518822996  1.250790E-16
6437.44041191549  1.119753E-16
6437.92563560101  1.371370E-16
6438.41085928654  1.232542E-16
6438.89608297207  1.436074E-16
6439.3813066576  1.194298E-16
6439.86653034313  1.129910E-16
6440.35175402866  1.328187E-16
6440.83697771418  1.359809E-16
6441.32220139971  1.234040E-16
6441.80742508524  1.330540E-16
6442.29264877077  1.456471E-16
6442.7778724563  1.211513E-16
6443.26309614182  1.106783E-16
6443.74831982735  1.213629E-16
6444.23354351288  1.451547E-16
6444.71876719841  1.491218E-16
6445.20399088393  1.455528E-16
6445.68921456946  1.383881E-16
6446.17443825499  1.264806E-16
6446.65966194052  1.388215E-16
6447.14488562605  1.475926E-16
6447.63010931158  1.281658E-16
6448.1153329971  1.440505E-16
6448.60055668263  1.410451E-16
6449.08578036816  1.383357E-16
6449.57100405369  1.448536E-16
6450.05622773922  1.439029E-16
6450.54145142474  1.257061E-16
6451.02667511027  1.482229E-16
6451.5118987958  1.591956E-16
6451.99712248133  1.499855E-16
6452.48234616686  1.442856E-16
6452.96756985239  1.557374E-16
6453.45279353791  1.499872E-16
6453.93801722344  1.441540E-16
6454.42324090897  1.297998E-16
6454.9084645945  1.445278E-16
6455.39368828003  1.385261E-16
6455.87891196555  1.390370E-16
6456.36413565108  1.310711E-16
6456.84935933661  1.396024E-16
6457.33458302214  1.446104E-16
6457.81980670767  1.471873E-16
6458.30503039319  1.387012E-16
6458.79025407872  1.594025E-16
6459.27547776425  1.475196E-16
6459.76070144978  1.290064E-16
6460.24592513531  1.142145E-16
6460.73114882083  1.309966E-16
6461.21637250636  1.330447E-16
6461.70159619189  1.382268E-16
6462.18681987742  1.426548E-16
6462.67204356295  1.433172E-16
6463.15726724847  1.323956E-16
6463.642490934  1.431569E-16
6464.12771461953  1.497362E-16
6464.61293830506  1.333949E-16
6465.09816199059  1.304521E-16
6465.58338567612  1.431383E-16
6466.06860936164  1.511834E-16
6466.55383304717  1.326257E-16
6467.0390567327  1.422817E-16
6467.52428041823  1.566595E-16
6468.00950410375  1.643091E-16
6468.49472778928  1.589951E-16
6468.97995147481  1.505606E-16
6469.46517516034  1.326719E-16
6469.95039884587  1.284690E-16
6470.43562253139  1.377398E-16
6470.92084621692  1.491405E-16
6471.40606990245  1.417797E-16
6471.89129358798  1.331189E-16
6472.37651727351  1.437904E-16
6472.86174095904  1.667304E-16
6473.34696464456  1.477220E-16
6473.83218833009  1.545369E-16
6474.31741201562  1.628200E-16
6474.80263570115  1.579544E-16
6475.28785938668  1.408038E-16
6475.7730830722  1.498080E-16
6476.25830675773  1.486624E-16
6476.74353044326  1.483745E-16
6477.22875412879  1.423813E-16
6477.71397781432  1.393977E-16
6478.19920149985  1.688917E-16
6478.68442518537  1.753947E-16
6479.1696488709  1.622011E-16
6479.65487255643  1.591473E-16
6480.14009624196  1.606575E-16
6480.62531992749  1.673190E-16
6481.11054361301  1.694726E-16
6481.59576729854  1.736870E-16
6482.08099098407  1.711474E-16
6482.5662146696  1.639668E-16
6483.05143835513  1.635026E-16
6483.53666204065  1.665114E-16
6484.02188572618  1.591777E-16
6484.50710941171  1.638313E-16
6484.99233309724  1.647995E-16
6485.47755678277  1.511209E-16
6485.96278046829  1.704046E-16
6486.44800415382  1.924421E-16
6486.93322783935  1.708261E-16
6487.41845152488  1.421473E-16
6487.90367521041  1.338093E-16
6488.38889889593  1.577252E-16
6488.87412258146  1.845416E-16
6489.35934626699  1.943416E-16
6489.84456995252  1.977615E-16
6490.32979363805  1.898025E-16
6490.81501732358  2.018611E-16
6491.3002410091  1.991774E-16
6491.78546469463  1.915361E-16
6492.27068838016  1.990420E-16
6492.75591206569  1.955777E-16
6493.24113575122  2.026501E-16
6493.72635943675  1.985791E-16
6494.21158312227  2.102097E-16
6494.6968068078  2.171577E-16
6495.18203049333  2.151346E-16
6495.66725417886  2.347044E-16
6496.15247786438  2.269832E-16
6496.63770154991  2.214887E-16
6497.12292523544  2.240739E-16
6497.60814892097  2.363493E-16
6498.0933726065  2.480504E-16
6498.57859629203  2.438324E-16
6499.06381997755  2.502080E-16
6499.54904366308  2.733156E-16
6500.03426734861  2.855742E-16
6500.51949103414  3.006572E-16
6501.00471471967  3.027890E-16
6501.48993840519  2.922272E-16
6501.97516209072  3.078607E-16
6502.46038577625  3.292632E-16
6502.94560946178  3.288527E-16
6503.43083314731  3.245466E-16
6503.91605683283  3.407610E-16
6504.40128051836  3.543694E-16
6504.88650420389  3.510258E-16
6505.37172788942  3.752181E-16
6505.85695157495  3.797321E-16
6506.34217526047  3.746316E-16
6506.827398946  4.048118E-16
6507.31262263153  4.397175E-16
6507.79784631706  4.535780E-16
6508.28307000259  4.445900E-16
6508.76829368811  4.273140E-16
6509.25351737364  4.458347E-16
6509.73874105917  4.823586E-16
6510.2239647447  4.858753E-16
6510.70918843023  5.131014E-16
6511.19441211575  5.032884E-16
6511.67963580128  4.899924E-16
6512.16485948681  5.212319E-16
6512.65008317234  5.370510E-16
6513.13530685787  5.665626E-16
6513.6205305434  6.097479E-16
6514.10575422892  6.236817E-16
6514.59097791445  6.516731E-16
6515.07620159998  6.659496E-16
6515.56142528551  6.729739E-16
6516.04664897103  6.870425E-16
6516.53187265656  6.933096E-16
6517.01709634209  7.255157E-16
6517.50232002762  7.319377E-16
6517.98754371315  7.454454E-16
6518.47276739868  7.659898E-16
6518.9579910842  7.793462E-16
6519.44321476973  7.864956E-16
6519.92843845526  8.000347E-16
6520.41366214079  8.258335E-16
6520.89888582632  8.656336E-16
6521.38410951184  8.790867E-16
6521.86933319737  8.816697E-16
6522.3545568829  8.810036E-16
6522.83978056843  8.934139E-16
6523.32500425396  9.429601E-16
6523.81022793948  9.682598E-16
6524.29545162501  9.442646E-16
6524.78067531054  9.451983E-16
6525.26589899607  9.920736E-16
6525.7511226816  1.005853E-15
6526.23634636713  1.006976E-15
6526.72157005265  1.062568E-15
6527.20679373818  1.076770E-15
6527.69201742371  1.057888E-15
6528.17724110924  1.078558E-15
6528.66246479477  1.089468E-15
6529.1476884803  1.117531E-15
6529.63291216582  1.123545E-15
6530.11813585135  1.132219E-15
6530.60335953688  1.158408E-15
6531.08858322241  1.160476E-15
6531.57380690793  1.160775E-15
6532.05903059346  1.180216E-15
6532.54425427899  1.216877E-15
6533.02947796452  1.591605E-15
6533.51470165005  1.518393E-15
6533.99992533557  1.263328E-15
6534.4851490211  1.250086E-15
6534.97037270663  1.236754E-15
6535.45559639216  1.302674E-15
6535.94082007769  1.306178E-15
6536.42604376322  1.306323E-15
6536.91126744874  1.315788E-15
6537.39649113427  1.311647E-15
6537.8817148198  1.351370E-15
6538.36693850533  1.352483E-15
6538.85216219086  1.373376E-15
6539.33738587638  1.383090E-15
6539.82260956191  1.436665E-15
6540.30783324744  1.431024E-15
6540.79305693297  1.403970E-15
6541.2782806185  1.427594E-15
6541.76350430402  1.408554E-15
6542.24872798955  1.429599E-15
6542.73395167508  1.493319E-15
6543.21917536061  1.511164E-15
6543.70439904614  1.527375E-15
6544.18962273167  1.525403E-15
6544.67484641719  1.573493E-15
6545.16007010272  1.560684E-15
6545.64529378825  1.564961E-15
6546.13051747378  1.603760E-15
6546.61574115931  1.613300E-15
6547.10096484483  1.640887E-15
6547.58618853036  1.599541E-15
6548.07141221589  1.571480E-15
6548.55663590142  1.618903E-15
6549.04185958694  1.617029E-15
6549.52708327248  1.589607E-15
6550.012306958  1.608025E-15
6550.49753064353  1.610673E-15
6550.98275432906  1.611585E-15
6551.46797801459  1.590059E-15
6551.95320170011  1.588310E-15
6552.43842538564  1.508426E-15
6552.92364907117  1.536319E-15
6553.4088727567  1.542004E-15
6553.89409644223  1.508978E-15
6554.37932012775  1.484678E-15
6554.86454381328  1.431805E-15
6555.34976749881  1.474392E-15
6555.83499118434  1.425230E-15
6556.32021486987  1.414948E-15
6556.8054385554  1.455865E-15
6557.29066224092  1.423193E-15
6557.77588592645  1.381070E-15
6558.26110961198  1.106752E-15
6558.74633329751  6.717532E-16
6559.23155698303  4.508216E-16
6559.71678066856  8.462267E-16
6560.20200435409  1.576638E-15
6560.68722803962  1.915118E-15
6561.17245172515  1.828374E-15
6561.65767541068  1.769210E-15
6562.1428990962  1.681541E-15
6562.62812278173  1.672543E-15
6563.11334646726  1.738060E-15
6563.59857015279  1.777243E-15
6564.08379383832  1.838092E-15
6564.56901752385  1.818742E-15
6565.05424120937  1.876498E-15
6565.5394648949  1.860016E-15
6566.02468858043  1.891871E-15
6566.50991226596  1.939254E-15
6566.99513595149  1.942933E-15
6567.48035963702  1.931296E-15
6567.96558332254  1.883153E-15
6568.45080700807  1.909696E-15
6568.9360306936  1.895349E-15
6569.42125437913  1.916827E-15
6569.90647806465  1.861885E-15
6570.39170175018  1.846237E-15
6570.87692543571  1.802388E-15
6571.36214912124  1.742558E-15
6571.84737280677  1.730181E-15
6572.33259649229  1.668762E-15
6572.81782017782  1.663447E-15
6573.30304386335  1.660921E-15
6573.78826754888  1.600126E-15
6574.27349123441  1.561323E-15
6574.75871491993  1.545912E-15
6575.24393860546  1.482555E-15
6575.72916229099  1.468810E-15
6576.21438597652  1.430006E-15
6576.69960966205  1.396166E-15
6577.18483334758  1.400726E-15
6577.6700570331  1.339711E-15
6578.15528071863  1.326621E-15
6578.64050440416  1.323577E-15
6579.12572808969  1.291773E-15
6579.61095177522  1.275563E-15
6580.09617546074  1.254047E-15
6580.58139914627  1.273207E-15
6581.0666228318  1.229380E-15
6581.55184651733  1.181805E-15
6582.03707020286  1.198624E-15
6582.52229388839  1.146266E-15
6583.00751757391  1.167955E-15
6583.49274125944  1.113568E-15
6583.97796494497  1.072385E-15
6584.4631886305  1.065853E-15
6584.94841231602  1.055680E-15
6585.43363600155  1.036978E-15
6585.91885968708  1.000607E-15
6586.40408337261  9.899828E-16
6586.88930705814  9.814252E-16
6587.37453074366  9.646326E-16
6587.85975442919  9.480121E-16
6588.34497811472  9.327088E-16
6588.83020180025  8.979613E-16
6589.31542548578  9.184677E-16
6589.8006491713  7.219561E-16
6590.28587285683  4.622510E-16
6590.77109654236  8.640924E-16
6591.25632022789  8.295799E-16
6591.74154391342  8.189053E-16
6592.22676759894  8.319026E-16
6592.71199128447  8.220497E-16
6593.19721497  8.018653E-16
6593.68243865553  7.828753E-16
6594.16766234106  8.010504E-16
6594.65288602659  7.879955E-16
6595.13810971211  7.399745E-16
6595.62333339764  7.207059E-16
6596.10855708317  7.242558E-16
6596.5937807687  7.338855E-16
6597.07900445423  7.111680E-16
6597.56422813975  6.685868E-16
6598.04945182528  6.553627E-16
6598.53467551081  6.388040E-16
6599.01989919634  6.400780E-16
6599.50512288187  6.475165E-16
6599.9903465674  6.183641E-16
6600.47557025292  6.076534E-16
6600.96079393845  6.017609E-16
6601.44601762398  5.921333E-16
6601.93124130951  5.779873E-16
6602.41646499504  5.561138E-16
6602.90168868056  5.465337E-16
6603.38691236609  5.600858E-16
6603.87213605162  5.607454E-16
6604.35735973715  5.399235E-16
6604.84258342268  5.171117E-16
6605.3278071082  5.232197E-16
6605.81303079373  5.253082E-16
6606.29825447926  5.099910E-16
6606.78347816479  5.142429E-16
6607.26870185032  5.047192E-16
6607.75392553584  5.144978E-16
6608.23914922137  5.182363E-16
6608.7243729069  4.799831E-16
6609.20959659243  5.042229E-16
6609.69482027796  4.750069E-16
6610.18004396348  4.668852E-16
6610.66526764901  4.636350E-16
6611.15049133454  4.495265E-16
6611.63571502007  4.534103E-16
6612.1209387056  4.399593E-16
6612.60616239112  4.399143E-16
6613.09138607665  4.352403E-16
6613.57660976218  4.436817E-16
6614.06183344771  4.315675E-16
6614.54705713324  4.373246E-16
6615.03228081877  4.136948E-16
6615.51750450429  3.809986E-16
6616.00272818982  3.733104E-16
6616.48795187535  3.650320E-16
6616.97317556088  3.824013E-16
6617.45839924641  4.011119E-16
6617.94362293194  3.956696E-16
6618.42884661746  3.777895E-16
6618.91407030299  3.512960E-16
6619.39929398852  3.598233E-16
6619.88451767405  3.437505E-16
6620.36974135958  3.452709E-16
6620.8549650451  3.472209E-16
6621.34018873063  3.055996E-16
6621.82541241616  3.131285E-16
6622.31063610169  3.359305E-16
6622.79585978722  3.278603E-16
6623.28108347274  3.329322E-16
6623.76630715827  2.987464E-16
6624.2515308438  2.779392E-16
6624.73675452933  3.120032E-16
6625.22197821486  3.088836E-16
6625.70720190038  2.931078E-16
6626.19242558591  2.772446E-16
6626.67764927144  2.712164E-16
6627.16287295697  2.720161E-16
6627.64809664249  2.662841E-16
6628.13332032802  2.673752E-16
6628.61854401355  2.682489E-16
6629.10376769908  2.570714E-16
6629.58899138461  2.605723E-16
6630.07421507014  2.591415E-16
6630.55943875566  2.506225E-16
6631.04466244119  2.447535E-16
6631.52988612672  2.356660E-16
6632.01510981225  2.412868E-16
6632.50033349778  2.406466E-16
6632.9855571833  2.172856E-16
6633.47078086883  2.254802E-16
6633.95600455436  2.232819E-16
6634.44122823989  2.069117E-16
6634.92645192542  2.285577E-16
6635.41167561095  2.113816E-16
6635.89689929647  2.100231E-16
6636.382122982  2.077817E-16
6636.86734666753  1.984883E-16
6637.35257035306  1.965477E-16
6637.83779403859  2.250315E-16
6638.32301772411  2.042314E-16
6638.80824140964  1.872250E-16
6639.29346509517  1.811639E-16
6639.7786887807  1.866679E-16
6640.26391246623  2.030529E-16
6640.74913615175  1.801361E-16
6641.23435983728  1.835439E-16
6641.71958352281  1.991593E-16
6642.20480720834  1.822205E-16
6642.69003089387  1.843274E-16
6643.17525457939  1.604310E-16
6643.66047826492  1.764601E-16
6644.14570195045  1.899317E-16
6644.63092563598  1.762024E-16
6645.11614932151  1.597862E-16
6645.60137300703  1.972291E-16
6646.08659669256  1.727592E-16
6646.57182037809  1.673791E-16
6647.05704406362  1.655853E-16
6647.54226774915  1.587903E-16
6648.02749143468  1.580074E-16
6648.5127151202  1.658424E-16
6648.99793880573  1.712267E-16
6649.48316249126  1.620352E-16
6649.96838617679  1.525752E-16
6650.45360986232  1.478125E-16
6650.93883354784  1.524279E-16
6651.42405723337  1.817909E-16
6651.9092809189  1.525559E-16
6652.39450460443  1.647841E-16
6652.87972828996  1.575897E-16
6653.36495197549  1.375248E-16
6653.85017566101  1.568510E-16
6654.33539934654  1.507644E-16
6654.82062303207  1.470326E-16
6655.3058467176  1.519221E-16
6655.79107040312  1.473826E-16
6656.27629408865  1.706833E-16
6656.76151777418  1.531199E-16
6657.24674145971  1.627233E-16
6657.73196514524  1.617065E-16
6658.21718883077  1.500919E-16
6658.70241251629  1.485787E-16
6659.18763620182  1.460204E-16
6659.67285988735  1.350802E-16
6660.15808357288  1.286611E-16
6660.64330725841  1.357981E-16
6661.12853094393  1.466649E-16
6661.61375462946  1.406034E-16
6662.09897831499  1.221967E-16
6662.58420200052  1.243760E-16
6663.06942568605  1.425289E-16
6663.55464937157  1.529932E-16
6664.0398730571  1.294878E-16
6664.52509674263  1.338926E-16
6665.01032042816  1.348175E-16
6665.49554411369  1.358370E-16
6665.98076779921  1.304483E-16
6666.46599148474  1.266103E-16
6666.95121517027  1.404027E-16
6667.4364388558  1.304608E-16
6667.92166254133  1.298693E-16
6668.40688622686  1.403334E-16
6668.89210991238  1.479811E-16
6669.37733359791  1.377883E-16
6669.86255728344  1.261422E-16
6670.34778096897  1.194210E-16
6670.8330046545  1.520394E-16
6671.31822834002  1.410613E-16
6671.80345202555  1.403295E-16
6672.28867571108  1.328037E-16
6672.77389939661  1.330291E-16
6673.25912308214  1.280726E-16
6673.74434676767  1.342506E-16
6674.22957045319  1.456871E-16
6674.71479413872  1.222607E-16
6675.20001782425  1.124492E-16
6675.68524150978  1.298513E-16
6676.1704651953  1.307788E-16
6676.65568888083  1.226922E-16
6677.14091256636  1.349962E-16
6677.62613625189  1.391871E-16
6678.11135993742  1.211961E-16
6678.59658362295  1.268249E-16
6679.08180730847  1.385634E-16
6679.567030994  1.155323E-16
6680.05225467953  1.048489E-16
6680.53747836506  1.165114E-16
6681.02270205059  1.232766E-16
6681.50792573611  1.113470E-16
6681.99314942164  1.269788E-16
6682.47837310717  1.284354E-16
6682.9635967927  1.090946E-16
6683.44882047823  1.112995E-16
6683.93404416375  1.229816E-16
6684.41926784928  1.169764E-16
6684.90449153481  1.172191E-16
6685.38971522034  1.073568E-16
6685.87493890587  1.103623E-16
6686.36016259139  1.081658E-16
6686.84538627692  1.003043E-16
6687.33060996245  1.103148E-16
6687.81583364798  1.066362E-16
6688.30105733351  1.081573E-16
6688.78628101904  1.039691E-16
6689.27150470456  1.176656E-16
6689.75672839009  1.142521E-16
6690.24195207562  9.949708E-17
6690.72717576115  1.088975E-16
6691.21239944668  9.770093E-17
6691.6976231322  1.008010E-16
6692.18284681773  1.117937E-16
6692.66807050326  1.094161E-16
6693.15329418879  9.547402E-17
6693.63851787432  9.089491E-17
6694.12374155984  9.463660E-17
6694.60896524537  9.877468E-17
6695.0941889309  1.032463E-16
6695.57941261643  1.051754E-16
6696.06463630196  1.042657E-16
6696.54985998749  8.864134E-17
6697.03508367301  9.067649E-17
6697.52030735854  9.161582E-17
6698.00553104407  1.009104E-16
6698.4907547296  1.001820E-16
6698.97597841513  9.604028E-17
6699.46120210065  1.041873E-16
6699.94642578618  9.129907E-17
6700.43164947171  9.665449E-17
6700.91687315724  1.014480E-16
6701.40209684277  9.658838E-17
6701.88732052829  9.252305E-17
6702.37254421382  8.850327E-17
6702.85776789935  9.467859E-17
6703.34299158488  8.713319E-17
6703.82821527041  9.475488E-17
6704.31343895593  1.004800E-16
6704.79866264146  8.370694E-17
6705.28388632699  9.723073E-17
6705.76911001252  9.433645E-17
6706.25433369805  7.054002E-17
6706.73955738357  6.678778E-17
6707.2247810691  8.771419E-17
6707.71000475463  9.495331E-17
6708.19522844016  1.120524E-16
6708.68045212569  8.930397E-17
6709.16567581121  8.978389E-17
6709.65089949674  8.831170E-17
6710.13612318227  7.577749E-17
6710.6213468678  8.022912E-17
6711.10657055333  8.897484E-17
6711.59179423885  8.674627E-17
6712.07701792438  8.076543E-17
6712.56224160991  8.638309E-17
6713.04746529544  8.947586E-17
6713.53268898097  1.167008E-16
6714.01791266649  1.034254E-16
6714.50313635202  9.018354E-17
6714.98836003755  9.003413E-17
6715.47358372308  7.744597E-17
6715.95880740861  7.940084E-17
6716.44403109414  9.057998E-17
6716.92925477966  8.832774E-17
6717.41447846519  9.118708E-17
6717.89970215072  8.325770E-17
6718.38492583625  4.839802E-17
6718.87014952178  7.765903E-17
6719.3553732073  8.332240E-17
6719.84059689283  8.043028E-17
6720.32582057836  6.981168E-17
6720.81104426389  7.713294E-17
6721.29626794942  8.684170E-17
6721.78149163495  7.889940E-17
6722.26671532047  8.927617E-17
6722.751939006  8.366474E-17
6723.23716269153  8.406690E-17
6723.72238637706  9.146299E-17
6724.20761006259  8.945471E-17
6724.69283374811  9.811331E-17
6725.17805743364  9.890135E-17
6725.66328111917  1.029182E-16
6726.1485048047  9.850077E-17
6726.63372849023  8.951463E-17
6727.11895217575  9.190411E-17
6727.60417586128  9.442164E-17
6728.08939954681  9.675534E-17
6728.57462323234  1.087007E-16
6729.05984691787  1.052298E-16
6729.54507060339  8.565598E-17
6730.03029428892  8.648934E-17
6730.51551797445  7.404556E-17
6731.00074165998  8.719818E-17
6731.48596534551  8.276825E-17
6731.97118903103  7.922182E-17
6732.45641271656  7.907185E-17
6732.94163640209  7.008267E-17
6733.42686008762  7.595734E-17
6733.91208377315  8.324458E-17
6734.39730745867  8.438492E-17
6734.8825311442  6.768917E-17
6735.36775482973  6.943222E-17
6735.85297851526  6.693459E-17
6736.33820220079  7.178837E-17
6736.82342588632  7.648196E-17
6737.30864957184  7.270363E-17
6737.79387325737  7.091423E-17
6738.2790969429  6.119375E-17
6738.76432062843  6.901579E-17
6739.24954431396  7.304183E-17
6739.73476799948  7.861081E-17
6740.21999168501  8.119588E-17
6740.70521537054  8.425712E-17
6741.19043905607  7.963584E-17
6741.6756627416  7.311071E-17
6742.16088642713  6.837038E-17
6742.64611011265  7.760546E-17
6743.13133379818  8.081780E-17
6743.61655748371  8.044014E-17
6744.10178116924  7.284794E-17
6744.58700485477  7.993932E-17
6745.07222854029  1.008518E-16
6745.55745222582  7.800773E-17
6746.04267591135  6.637072E-17
6746.52789959688  7.117092E-17
6747.01312328241  7.314808E-17
6747.49834696794  7.984673E-17
6747.98357065346  8.015618E-17
6748.46879433899  7.492947E-17
6748.95401802452  8.466871E-17
6749.43924171004  7.971912E-17
6749.92446539557  7.221026E-17
6750.4096890811  6.165058E-17
6750.89491276663  8.268808E-17
6751.38013645216  8.237014E-17
6751.86536013769  6.757243E-17
6752.35058382321  6.959041E-17
6752.83580750874  6.197657E-17
6753.32103119427  6.143316E-17
6753.8062548798  7.672321E-17
6754.29147856533  9.251627E-17
6754.77670225085  8.368896E-17
6755.26192593638  6.885559E-17
6755.74714962191  7.512789E-17
6756.23237330744  7.058918E-17
6756.71759699297  7.787575E-17
6757.2028206785  7.842909E-17
6757.68804436402  7.901141E-17
6758.17326804955  7.655614E-17
6758.65849173508  6.106895E-17
6759.14371542061  7.337347E-17
6759.62893910614  7.433251E-17
6760.11416279166  7.249981E-17
6760.59938647719  7.610522E-17
6761.08461016272  8.758416E-17
6761.56983384825  7.642712E-17
6762.05505753378  7.244101E-17
6762.54028121931  7.151874E-17
6763.02550490483  5.357262E-17
6763.51072859036  6.372216E-17
6763.99595227589  7.763397E-17
6764.48117596142  7.418041E-17
6764.96639964694  7.377366E-17
6765.45162333247  7.378789E-17
6765.936847018  7.768577E-17
6766.42207070353  7.928878E-17
6766.90729438906  7.459040E-17
6767.39251807458  6.718017E-17
6767.87774176012  7.097195E-17
6768.36296544564  8.573337E-17
6768.84818913117  8.217014E-17
6769.3334128167  7.736148E-17
6769.81863650223  8.383941E-17
6770.30386018775  6.445966E-17
6770.78908387328  8.466841E-17
6771.27430755881  8.247451E-17
6771.75953124434  7.327513E-17
6772.24475492987  7.757589E-17
6772.72997861539  7.771192E-17
6773.21520230092  7.081427E-17
6773.70042598645  5.716833E-17
6774.18564967198  6.572310E-17
6774.67087335751  7.762621E-17
6775.15609704304  7.816507E-17
6775.64132072856  7.527523E-17
6776.12654441409  8.070115E-17
6776.61176809962  6.920120E-17
6777.09699178515  7.376738E-17
6777.58221547068  8.209700E-17
6778.0674391562  8.292915E-17
6778.55266284173  8.039390E-17
6779.03788652726  8.990917E-17
6779.52311021279  8.791378E-17
6780.00833389832  6.489581E-17
6780.49355758384  7.715026E-17
6780.97878126937  9.278619E-17
6781.4640049549  8.189193E-17
6781.94922864043  7.849530E-17
6782.43445232596  5.488564E-17
6782.91967601149  6.518079E-17
6783.40489969701  6.684640E-17
6783.89012338254  7.628007E-17
6784.37534706807  8.060724E-17
6784.8605707536  8.096047E-17
6785.34579443912  7.957328E-17
6785.83101812465  9.564629E-17
6786.31624181018  8.805005E-17
6786.80146549571  7.076671E-17
6787.28668918124  5.703957E-17
6787.77191286676  7.796910E-17
6788.25713655229  8.841539E-17
6788.74236023782  7.663274E-17
6789.22758392335  8.806653E-17
6789.71280760888  8.428160E-17
6790.19803129441  7.608878E-17
6790.68325497993  8.896243E-17
6791.16847866546  8.710830E-17
6791.65370235099  8.896928E-17
6792.13892603652  7.011485E-17
6792.62414972204  7.864983E-17
6793.10937340757  8.703084E-17
6793.5945970931  8.510780E-17
6794.07982077863  7.908351E-17
6794.56504446416  7.565013E-17
6795.05026814969  7.196103E-17
6795.53549183521  8.307402E-17
6796.02071552074  8.917023E-17
6796.50593920627  8.482727E-17
6796.9911628918  7.405183E-17
6797.47638657733  6.657598E-17
6797.96161026286  8.949204E-17
6798.44683394838  8.905189E-17
6798.93205763391  7.424237E-17
6799.41728131944  8.397996E-17
6799.90250500497  7.585475E-17
6800.3877286905  7.364737E-17
6800.87295237602  6.810577E-17
6801.35817606155  7.756857E-17
6801.84339974708  8.262062E-17
6802.32862343261  8.077844E-17
6802.81384711814  8.457531E-17
6803.29907080366  8.326636E-17
6803.78429448919  8.953529E-17
6804.26951817472  7.818489E-17
6804.75474186025  8.844776E-17
6805.23996554578  8.878235E-17
6805.7251892313  8.474883E-17
6806.21041291683  7.498026E-17
6806.69563660236  8.940110E-17
6807.18086028789  8.389693E-17
6807.66608397342  8.215830E-17
6808.15130765894  7.218004E-17
6808.63653134447  7.612910E-17
6809.12175503  8.438350E-17
6809.60697871553  7.649802E-17
6810.09220240106  9.013650E-17
6810.57742608658  9.815928E-17
6811.06264977211  8.044244E-17
6811.54787345764  7.780202E-17
6812.03309714317  8.243463E-17
6812.5183208287  8.231028E-17
6813.00354451423  8.434587E-17
6813.48876819975  8.083388E-17
6813.97399188528  8.287673E-17
6814.45921557081  8.232713E-17
6814.94443925634  1.096342E-16
6815.42966294187  1.293740E-16
6815.9148866274  9.368965E-17
6816.40011031292  4.648237E-17
6816.88533399845  5.570363E-17
6817.37055768398  7.699568E-17
6817.85578136951  7.526628E-17
6818.34100505503  7.221669E-17
6818.82622874056  6.721607E-17
6819.31145242609  7.169632E-17
6819.79667611162  6.241347E-17
6820.28189979715  4.797115E-17
6820.76712348267  5.414749E-17
6821.2523471682  6.181538E-17
6821.73757085373  5.627390E-17
6822.22279453926  6.222574E-17
6822.70801822479  7.066988E-17
6823.19324191032  5.591644E-17
6823.67846559584  5.977157E-17
6824.16368928137  6.054046E-17
6824.6489129669  6.578268E-17
6825.13413665243  6.207016E-17
6825.61936033796  5.936926E-17
6826.10458402348  6.958868E-17
6826.58980770901  6.881071E-17
6827.07503139454  6.509801E-17
6827.56025508007  7.343994E-17
6828.0454787656  6.053135E-17
6828.53070245112  6.120375E-17
6829.01592613665  5.940293E-17
6829.50114982218  7.563061E-17
6829.98637350771  8.046149E-17
6830.47159719324  7.837032E-17
6830.95682087876  8.896208E-17
6831.44204456429  6.786737E-17
6831.92726824982  6.698386E-17
6832.41249193535  7.103367E-17
6832.89771562088  7.995757E-17
6833.38293930641  8.538292E-17
6833.86816299193  7.153454E-17
6834.35338667746  8.264948E-17
6834.83861036299  7.872092E-17
6835.32383404852  5.744035E-17
6835.80905773404  6.096790E-17
6836.29428141957  8.637324E-17
6836.7795051051  8.049129E-17
6837.26472879063  5.900050E-17
6837.74995247616  5.832298E-17
6838.23517616169  7.047407E-17
6838.72039984721  7.238147E-17
6839.20562353274  7.947822E-17
6839.69084721827  7.681971E-17
6840.1760709038  8.434149E-17
6840.66129458933  7.372442E-17
6841.14651827485  5.721149E-17
6841.63174196038  5.427417E-17
6842.11696564591  7.516298E-17
6842.60218933144  7.851154E-17
6843.08741301697  6.506006E-17
6843.5726367025  6.553665E-17
6844.05786038802  6.164360E-17
6844.54308407355  7.521386E-17
6845.02830775908  7.870061E-17
6845.51353144461  7.570500E-17
6845.99875513013  6.125785E-17
6846.48397881566  7.490264E-17
6846.96920250119  8.062975E-17
6847.45442618672  7.659679E-17
6847.93964987225  6.318764E-17
6848.42487355778  6.032518E-17
6848.9100972433  6.751849E-17
6849.39532092883  8.919305E-17
6849.88054461436  7.662488E-17
6850.36576829989  7.861860E-17
6850.85099198542  7.649488E-17
6851.33621567095  6.246765E-17
6851.82143935647  8.047088E-17
6852.306663042  7.699275E-17
6852.79188672753  6.434607E-17
6853.27711041306  5.707550E-17
6853.76233409859  7.341591E-17
6854.24755778411  7.455450E-17
6854.73278146964  7.816580E-17
6855.21800515517  6.323709E-17
6855.7032288407  6.177983E-17
6856.18845252622  6.581365E-17
6856.67367621175  6.038347E-17
6857.15889989728  7.838639E-17
6857.64412358281  8.254595E-17
6858.12934726834  7.994456E-17
6858.61457095387  7.915392E-17
6859.09979463939  7.291716E-17
6859.58501832492  7.607015E-17
6860.07024201045  7.561361E-17
6860.55546569598  6.402197E-17
6861.04068938151  5.482572E-17
6861.52591306703  6.034647E-17
6862.01113675256  8.317314E-17
6862.49636043809  8.627332E-17
6862.98158412362  7.695717E-17
6863.46680780915  9.713385E-17
6863.95203149467  9.978570E-17
6864.4372551802  5.654601E-17
6864.92247886573  4.976862E-17
6865.40770255126  6.154683E-17
6865.89292623679  7.046283E-17
6866.37814992231  8.531432E-17
6866.86337360784  8.663180E-17
6867.34859729337  8.163987E-17
6867.8338209789  7.178213E-17
6868.31904466443  7.430074E-17
6868.80426834996  8.296398E-17
6869.28949203548  7.235107E-17
6869.77471572101  6.497500E-17
6870.25993940654  6.756786E-17
6870.74516309207  9.096627E-17
6871.2303867776  8.207295E-17
6871.71561046313  8.377749E-17
6872.20083414865  7.895779E-17
6872.68605783418  7.922368E-17
6873.17128151971  1.001581E-16
6873.65650520524  1.047012E-16
6874.14172889076  1.290437E-16
6874.62695257629  9.900733E-17
6875.11217626182  3.773634E-17
6875.59739994735  4.835723E-17
6876.08262363288  7.203613E-17
6876.5678473184  6.431365E-17
6877.05307100393  7.076110E-17
6877.53829468946  7.993371E-17
6878.02351837499  7.229093E-17
6878.50874206052  6.752211E-17
6878.99396574605  7.825851E-17
6879.47918943157  8.203154E-17
6879.9644131171  6.445866E-17
6880.44963680263  6.037802E-17
6880.93486048816  7.613835E-17
6881.42008417369  8.315048E-17
6881.90530785921  8.524017E-17
6882.39053154474  7.291404E-17
6882.87575523027  6.966149E-17
6883.3609789158  6.456390E-17
6883.84620260133  7.683216E-17
6884.33142628685  6.589709E-17
6884.81664997238  6.338146E-17
6885.30187365791  7.724469E-17
6885.78709734344  7.628696E-17
6886.27232102897  7.057227E-17
6886.7575447145  6.591605E-17
6887.24276840002  7.752084E-17
6887.72799208555  7.650039E-17
6888.21321577108  7.384349E-17
6888.69843945661  7.572406E-17
6889.18366314213  7.040529E-17
6889.66888682767  7.818779E-17
6890.15411051319  1.022371E-16
6890.63933419872  8.628029E-17
6891.12455788425  6.248915E-17
6891.60978156978  7.401254E-17
6892.0950052553  6.634606E-17
6892.58022894083  7.040421E-17
6893.06545262636  6.734184E-17
6893.55067631189  7.174376E-17
6894.03589999742  6.969783E-17
6894.52112368294  6.944484E-17
6895.00634736847  6.710432E-17
6895.491571054  7.461499E-17
6895.97679473953  7.959350E-17
6896.46201842506  7.149953E-17
6896.94724211059  8.036558E-17
6897.43246579611  7.363353E-17
6897.91768948164  7.311817E-17
6898.40291316717  8.688155E-17
6898.8881368527  9.145352E-17
6899.37336053823  1.022689E-16
6899.85858422375  1.250115E-16
6900.34380790928  9.199930E-17
6900.82903159481  3.969722E-17
6901.31425528034  5.541573E-17
6901.79947896587  8.375593E-17
6902.28470265139  8.537322E-17
6902.76992633692  7.618914E-17
6903.25515002245  7.034310E-17
6903.74037370798  6.196536E-17
6904.22559739351  7.118350E-17
6904.71082107903  8.088729E-17
6905.19604476456  7.381101E-17
6905.68126845009  6.915784E-17
6906.16649213562  7.775320E-17
6906.65171582115  7.277751E-17
6907.13693950667  7.354042E-17
6907.6221631922  7.860201E-17
6908.10738687773  7.551385E-17
6908.59261056326  7.805070E-17
6909.07783424879  7.529628E-17
6909.56305793431  7.342628E-17
6910.04828161984  8.224868E-17
6910.53350530537  9.034089E-17
6911.0187289909  7.990684E-17
6911.50395267643  7.786893E-17
6911.98917636196  7.954156E-17
6912.47440004748  7.679133E-17
6912.95962373301  8.009079E-17
6913.44484741854  7.329260E-17
6913.93007110407  7.980651E-17
6914.41529478959  8.414947E-17
6914.90051847512  7.276095E-17
6915.38574216065  8.149678E-17
6915.87096584618  8.890981E-17
6916.35618953171  7.957590E-17
6916.84141321724  7.017259E-17
6917.32663690276  7.626595E-17
6917.81186058829  7.056104E-17
6918.29708427382  7.451628E-17
6918.78230795935  7.737248E-17
6919.26753164488  7.147815E-17
6919.7527553304  7.308981E-17
6920.23797901593  7.311491E-17
6920.72320270146  9.035416E-17
6921.20842638699  7.597732E-17
6921.69365007252  5.971833E-17
6922.17887375805  7.169325E-17
6922.66409744357  7.492012E-17
6923.1493211291  7.316137E-17
6923.63454481463  6.956761E-17
6924.11976850016  7.687292E-17
6924.60499218568  7.996497E-17
6925.09021587121  8.611081E-17
6925.57543955674  8.271872E-17
6926.06066324227  7.390214E-17
6926.5458869278  7.158005E-17
6927.03111061333  7.276085E-17
6927.51633429885  7.367754E-17
6928.00155798438  6.362993E-17
6928.48678166991  8.478444E-17
6928.97200535544  1.005785E-16
6929.45722904097  7.493600E-17
6929.9424527265  4.819746E-17
6930.42767641202  4.701644E-17
6930.91290009755  7.214586E-17
6931.39812378308  8.391955E-17
6931.88334746861  6.341365E-17
6932.36857115413  6.893959E-17
6932.85379483966  8.288990E-17
6933.33901852519  7.805205E-17
6933.82424221072  6.907286E-17
6934.30946589625  8.419212E-17
6934.79468958177  9.245671E-17
6935.2799132673  8.556178E-17
6935.76513695283  9.149518E-17
6936.25036063836  8.324339E-17
6936.73558432389  7.292376E-17
6937.22080800942  7.353319E-17
6937.70603169494  7.997638E-17
6938.19125538047  8.134591E-17
6938.676479066  6.982599E-17
6939.16170275153  7.465792E-17
6939.64692643706  8.492086E-17
6940.13215012259  7.568247E-17
6940.61737380811  7.996520E-17
6941.10259749364  7.802695E-17
6941.58782117917  8.755709E-17
6942.0730448647  7.494909E-17
6942.55826855023  7.127470E-17
6943.04349223576  8.832478E-17
6943.52871592128  7.628661E-17
6944.01393960681  7.393496E-17
6944.49916329234  7.377320E-17
6944.98438697787  9.349580E-17
6945.46961066339  8.016197E-17
6945.95483434892  8.267814E-17
6946.44005803445  9.139457E-17
6946.92528171998  9.284937E-17
6947.41050540551  7.808884E-17
6947.89572909103  8.941476E-17
6948.38095277656  7.137582E-17
6948.86617646209  7.006753E-17
6949.35140014762  7.684715E-17
6949.83662383315  7.796768E-17
6950.32184751867  8.434432E-17
6950.8070712042  8.852060E-17
6951.29229488973  9.129587E-17
