5685.16405546338  8.083629E-16
5685.64724692203  7.764184E-16
5686.13043838069  8.372632E-16
5686.61362983935  8.410256E-16
5687.096821298  8.854602E-16
5687.58001275666  8.570578E-16
5688.06320421532  8.521341E-16
5688.54639567398  8.883459E-16
5689.02958713263  8.460155E-16
5689.51277859129  9.267351E-16
5689.99597004995  8.948268E-16
5690.47916150861  8.739809E-16
5690.96235296726  9.234142E-16
5691.44554442592  8.373760E-16
5691.92873588458  8.793507E-16
5692.41192734324  8.507598E-16
5692.89511880189  8.649059E-16
5693.37831026055  8.596264E-16
5693.86150171921  8.430855E-16
5694.34469317786  8.485158E-16
5694.82788463652  8.987232E-16
5695.31107609518  8.514406E-16
5695.79426755384  8.733342E-16
5696.27745901249  8.540492E-16
5696.76065047115  8.537174E-16
5697.24384192981  8.971114E-16
5697.72703338846  9.167174E-16
5698.21022484712  8.927523E-16
5698.69341630578  8.496681E-16
5699.17660776444  8.831226E-16
5699.65979922309  8.532827E-16
5700.14299068175  8.316348E-16
5700.62618214041  8.434505E-16
5701.10937359907  8.958350E-16
5701.59256505772  8.736599E-16
5702.07575651638  8.961201E-16
5702.55894797504  8.810843E-16
5703.04213943369  8.532884E-16
5703.52533089235  8.580274E-16
5704.00852235101  8.520314E-16
5704.49171380967  9.440096E-16
5704.97490526832  9.011749E-16
5705.45809672698  8.858869E-16
5705.94128818564  9.068574E-16
5706.4244796443  9.182980E-16
5706.90767110295  9.048383E-16
5707.39086256161  9.084367E-16
5707.87405402027  8.765463E-16
5708.35724547892  9.067676E-16
5708.84043693758  9.432815E-16
5709.32362839624  8.865805E-16
5709.8068198549  8.592342E-16
5710.29001131355  8.737232E-16
5710.77320277221  8.831647E-16
5711.25639423087  8.458327E-16
5711.73958568952  8.677725E-16
5712.22277714818  8.601569E-16
5712.70596860684  8.456180E-16
5713.1891600655  8.577361E-16
5713.67235152415  8.886461E-16
5714.15554298281  8.855834E-16
5714.63873444147  9.040458E-16
5715.12192590012  9.126523E-16
5715.60511735878  8.742586E-16
5716.08830881744  8.574546E-16
5716.5715002761  8.317120E-16
5717.05469173475  8.691151E-16
5717.53788319341  8.700910E-16
5718.02107465207  8.677148E-16
5718.50426611073  9.007540E-16
5718.98745756938  8.949370E-16
5719.47064902804  8.277651E-16
5719.9538404867  8.860813E-16
5720.43703194536  8.692867E-16
5720.92022340401  8.704093E-16
5721.40341486267  8.937302E-16
5721.88660632133  8.608845E-16
5722.36979777998  8.894892E-16
5722.85298923864  8.914605E-16
5723.3361806973  8.552712E-16
5723.81937215596  8.911585E-16
5724.30256361461  9.078692E-16
5724.78575507327  9.456510E-16
5725.26894653193  9.065084E-16
5725.75213799058  8.561030E-16
5726.23532944924  8.974226E-16
5726.7185209079  9.285494E-16
5727.20171236656  9.051064E-16
5727.68490382521  8.314701E-16
5728.16809528387  8.161748E-16
5728.65128674253  8.404158E-16
5729.13447820118  8.253568E-16
5729.61766965984  8.177352E-16
5730.1008611185  8.816468E-16
5730.58405257716  8.719055E-16
5731.06724403582  9.087484E-16
5731.55043549447  8.400615E-16
5732.03362695313  8.352435E-16
5732.51681841179  8.536262E-16
5733.00000987044  8.835779E-16
5733.4832013291  8.697928E-16
5733.96639278776  8.660909E-16
5734.44958424642  8.498488E-16
5734.93277570507  8.966984E-16
5735.41596716373  8.766828E-16
5735.89915862239  9.272303E-16
5736.38235008104  8.796477E-16
5736.8655415397  8.456183E-16
5737.34873299836  8.084036E-16
5737.83192445702  8.494369E-16
5738.31511591567  8.596011E-16
5738.79830737433  8.619643E-16
5739.28149883299  8.582657E-16
5739.76469029164  8.468763E-16
5740.2478817503  9.172188E-16
5740.73107320896  8.630486E-16
5741.21426466762  8.250970E-16
5741.69745612627  8.343579E-16
5742.18064758493  8.586431E-16
5742.66383904359  8.895557E-16
5743.14703050225  8.828947E-16
5743.6302219609  8.768152E-16
5744.11341341956  9.276548E-16
5744.59660487822  8.960249E-16
5745.07979633687  8.498583E-16
5745.56298779553  8.703653E-16
5746.04617925419  8.920502E-16
5746.52937071285  8.678273E-16
5747.0125621715  8.476831E-16
5747.49575363016  8.952122E-16
5747.97894508882  8.742977E-16
5748.46213654747  8.694101E-16
5748.94532800613  8.230845E-16
5749.42851946479  8.709317E-16
5749.91171092345  9.205536E-16
5750.3949023821  8.803118E-16
5750.87809384076  8.615427E-16
5751.36128529942  8.649003E-16
5751.84447675808  9.099312E-16
5752.32766821673  8.812741E-16
5752.81085967539  8.486858E-16
5753.29405113405  9.514657E-16
5753.7772425927  9.026147E-16
5754.26043405136  8.663806E-16
5754.74362551002  9.143924E-16
5755.22681696868  9.733336E-16
5755.71000842733  9.326190E-16
5756.19319988599  9.045007E-16
5756.67639134465  8.771935E-16
5757.15958280331  8.804804E-16
5757.64277426196  8.822419E-16
5758.12596572062  8.911504E-16
5758.60915717928  8.773741E-16
5759.09234863793  8.765649E-16
5759.57554009659  8.905781E-16
5760.05873155525  9.228950E-16
5760.54192301391  9.639361E-16
5761.02511447256  9.094771E-16
5761.50830593122  8.852010E-16
5761.99149738988  9.239001E-16
5762.47468884854  9.040733E-16
5762.95788030719  8.774844E-16
5763.44107176585  9.071967E-16
5763.92426322451  9.056886E-16
5764.40745468316  8.821462E-16
5764.89064614182  8.426419E-16
5765.37383760048  8.189442E-16
5765.85702905914  8.749444E-16
5766.34022051779  9.292667E-16
5766.82341197645  8.712432E-16
5767.30660343511  8.496321E-16
5767.78979489376  8.868087E-16
5768.27298635242  9.223694E-16
5768.75617781108  9.240343E-16
5769.23936926974  8.605501E-16
5769.72256072839  8.493181E-16
5770.20575218705  8.743132E-16
5770.68894364571  8.715874E-16
5771.17213510436  8.661069E-16
5771.65532656302  8.878238E-16
5772.13851802168  9.082265E-16
5772.62170948034  9.563369E-16
5773.10490093899  9.263968E-16
5773.58809239765  8.881699E-16
5774.07128385631  9.093118E-16
5774.55447531496  9.044202E-16
5775.03766677362  9.144012E-16
5775.52085823228  8.912581E-16
5776.00404969094  8.756621E-16
5776.48724114959  9.259822E-16
5776.97043260825  9.431734E-16
5777.45362406691  8.730167E-16
5777.93681552557  8.584592E-16
5778.42000698422  8.470806E-16
5778.90319844288  8.869306E-16
5779.38638990154  8.603522E-16
5779.8695813602  8.828186E-16
5780.35277281885  9.408340E-16
5780.83596427751  8.957256E-16
5781.31915573617  8.820929E-16
5781.80234719482  8.561804E-16
5782.28553865348  8.606600E-16
5782.76873011214  8.630812E-16
5783.2519215708  8.753375E-16
5783.73511302945  9.228813E-16
5784.21830448811  9.441904E-16
5784.70149594677  9.579170E-16
5785.18468740543  9.397265E-16
5785.66787886408  9.491383E-16
5786.15107032274  9.781745E-16
5786.6342617814  9.414247E-16
5787.11745324005  9.702099E-16
5787.60064469871  9.479899E-16
5788.08383615737  8.874555E-16
5788.56702761603  8.807444E-16
5789.05021907468  8.810726E-16
5789.53341053334  8.636777E-16
5790.016601992  9.669111E-16
5790.49979345066  9.625959E-16
5790.98298490931  9.109771E-16
5791.46617636797  9.074674E-16
5791.94936782663  8.947303E-16
5792.43255928528  9.313206E-16
5792.91575074394  9.473152E-16
5793.3989422026  8.702294E-16
5793.88213366126  8.647669E-16
5794.36532511991  9.861680E-16
5794.84851657857  9.264458E-16
5795.33170803723  9.038772E-16
5795.81489949588  8.912035E-16
5796.29809095454  9.166887E-16
5796.7812824132  9.094377E-16
5797.26447387186  8.430910E-16
5797.74766533051  1.004273E-15
5798.23085678917  9.757118E-16
5798.71404824783  9.559838E-16
5799.19723970648  9.868886E-16
5799.68043116514  9.382239E-16
5800.1636226238  9.502409E-16
5800.64681408246  9.607516E-16
5801.13000554112  9.081285E-16
5801.61319699977  9.976435E-16
5802.09638845843  9.858813E-16
5802.57957991709  9.461810E-16
5803.06277137574  9.424847E-16
5803.5459628344  8.778268E-16
5804.02915429306  9.996034E-16
5804.51234575172  9.801127E-16
5804.99553721037  9.462323E-16
5805.47872866903  9.512280E-16
5805.96192012769  9.274766E-16
5806.44511158634  9.391396E-16
5806.928303045  8.670794E-16
5807.41149450366  8.994337E-16
5807.89468596232  8.718941E-16
5808.37787742097  9.020252E-16
5808.86106887963  9.005060E-16
5809.34426033829  9.066168E-16
5809.82745179694  8.826484E-16
5810.3106432556  9.075486E-16
5810.79383471426  8.340285E-16
5811.27702617292  8.679797E-16
5811.76021763157  9.555805E-16
5812.24340909023  9.473676E-16
5812.72660054889  9.536213E-16
5813.20979200754  9.516614E-16
5813.6929834662  8.997129E-16
5814.17617492486  9.546054E-16
5814.65936638352  9.913356E-16
5815.14255784218  8.970278E-16
5815.62574930083  9.336239E-16
5816.10894075949  9.527858E-16
5816.59213221815  9.283454E-16
5817.0753236768  8.964794E-16
5817.55851513546  9.690188E-16
5818.04170659412  9.460935E-16
5818.52489805277  9.350358E-16
5819.00808951143  9.334517E-16
5819.49128097009  9.545531E-16
5819.97447242875  9.463293E-16
5820.4576638874  9.126283E-16
5820.94085534606  8.872178E-16
5821.42404680472  9.187590E-16
5821.90723826338  9.302783E-16
5822.39042972203  9.427102E-16
5822.87362118069  9.284061E-16
5823.35681263935  9.034661E-16
5823.840004098  9.529860E-16
5824.32319555666  9.447371E-16
5824.80638701532  9.161156E-16
5825.28957847398  9.178690E-16
5825.77276993263  9.488611E-16
5826.25596139129  9.130001E-16
5826.73915284995  8.392310E-16
5827.2223443086  8.874127E-16
5827.70553576726  9.523368E-16
5828.18872722592  1.008702E-15
5828.67191868458  9.739670E-16
5829.15511014323  8.684784E-16
5829.63830160189  9.452041E-16
5830.12149306055  9.281919E-16
5830.60468451921  9.533887E-16
5831.08787597786  9.707268E-16
5831.57106743652  9.022111E-16
5832.05425889518  9.603409E-16
5832.53745035383  9.471149E-16
5833.02064181249  9.715275E-16
5833.50383327115  9.709117E-16
5833.98702472981  8.898602E-16
5834.47021618846  9.394598E-16
5834.95340764712  9.325446E-16
5835.43659910578  9.349649E-16
5835.91979056444  9.718485E-16
5836.40298202309  9.250244E-16
5836.88617348175  9.561392E-16
5837.36936494041  9.682824E-16
5837.85255639906  9.745244E-16
5838.33574785772  8.672997E-16
5838.81893931638  8.739923E-16
5839.30213077504  9.821261E-16
5839.78532223369  9.881394E-16
5840.26851369235  9.096603E-16
5840.75170515101  8.875907E-16
5841.23489660967  9.643768E-16
5841.71808806832  9.172366E-16
5842.20127952698  9.580550E-16
5842.68447098564  9.105685E-16
5843.16766244429  9.124237E-16
5843.65085390295  9.050960E-16
5844.13404536161  8.940758E-16
5844.61723682027  9.371510E-16
5845.10042827892  9.287679E-16
5845.58361973758  9.005683E-16
5846.06681119624  9.165731E-16
5846.55000265489  8.757197E-16
5847.03319411355  9.772197E-16
5847.51638557221  8.864566E-16
5847.99957703087  8.554532E-16
5848.48276848952  9.372339E-16
5848.96595994818  9.122502E-16
5849.44915140684  8.814422E-16
5849.9323428655  9.515049E-16
5850.41553432415  9.134766E-16
5850.89872578281  9.647771E-16
5851.38191724147  9.717971E-16
5851.86510870012  9.587147E-16
5852.34830015878  9.627788E-16
5852.83149161744  9.656607E-16
5853.3146830761  9.067126E-16
5853.79787453475  9.160013E-16
5854.28106599341  9.263614E-16
5854.76425745207  9.172651E-16
5855.24744891073  9.998240E-16
5855.73064036938  1.031969E-15
5856.21383182804  9.827707E-16
5856.6970232867  9.891221E-16
5857.18021474535  9.859602E-16
5857.66340620401  1.038997E-15
5858.14659766267  1.013666E-15
5858.62978912133  9.425497E-16
5859.11298057998  9.597683E-16
5859.59617203864  9.869264E-16
5860.0793634973  9.647196E-16
5860.56255495596  9.279266E-16
5861.04574641461  9.674501E-16
5861.52893787327  1.050615E-15
5862.01212933193  1.020735E-15
5862.49532079058  9.628525E-16
5862.97851224924  9.724050E-16
5863.4617037079  1.047936E-15
5863.94489516656  1.061168E-15
5864.42808662521  1.022591E-15
5864.91127808387  9.805619E-16
5865.39446954253  9.870456E-16
5865.87766100119  1.024426E-15
5866.36085245984  1.007743E-15
5866.8440439185  1.031820E-15
5867.32723537716  9.817973E-16
5867.81042683581  1.046276E-15
5868.29361829447  1.027012E-15
5868.77680975313  9.549022E-16
5869.26000121179  1.023192E-15
5869.74319267044  1.029849E-15
5870.2263841291  1.042688E-15
5870.70957558776  1.036719E-15
5871.19276704641  9.662421E-16
5871.67595850507  9.889048E-16
5872.15914996373  9.954704E-16
5872.64234142239  1.033110E-15
5873.12553288104  1.085136E-15
5873.6087243397  1.121777E-15
5874.09191579836  1.119099E-15
5874.57510725701  1.084801E-15
5875.05829871567  1.074846E-15
5875.54149017433  1.025863E-15
5876.02468163299  1.128707E-15
5876.50787309164  1.148482E-15
5876.9910645503  1.077550E-15
5877.47425600896  1.117211E-15
5877.95744746762  1.097205E-15
5878.44063892627  1.079013E-15
5878.92383038493  1.054479E-15
5879.40702184359  9.868484E-16
5879.89021330225  1.053544E-15
5880.3734047609  1.099180E-15
5880.85659621956  1.026153E-15
5881.33978767822  1.011127E-15
5881.82297913687  1.059734E-15
5882.30617059553  1.091163E-15
5882.78936205419  1.069155E-15
5883.27255351285  1.024268E-15
5883.7557449715  1.024257E-15
5884.23893643016  1.001741E-15
5884.72212788882  8.958676E-16
5885.20531934747  6.413305E-16
5885.68851080613  4.423922E-16
5886.17170226479  3.264975E-16
5886.65489372345  4.117848E-16
5887.1380851821  6.184175E-16
5887.62127664076  8.234666E-16
5888.10446809942  9.195589E-16
5888.58765955808  1.020910E-15
5889.07085101673  1.048272E-15
5889.55404247539  1.064619E-15
5890.03723393405  1.040212E-15
5890.5204253927  9.615238E-16
5891.00361685136  8.012071E-16
5891.48680831002  6.243240E-16
5891.96999976867  4.701802E-16
5892.45319122733  4.535066E-16
5892.93638268599  6.204574E-16
5893.41957414465  8.921271E-16
5893.90276560331  1.056345E-15
5894.38595706196  1.118150E-15
5894.86914852062  1.185632E-15
5895.35233997928  1.200805E-15
5895.83553143793  1.147250E-15
5896.31872289659  1.139409E-15
5896.80191435525  1.156509E-15
5897.28510581391  1.110271E-15
5897.76829727256  1.116455E-15
5898.25148873122  1.104392E-15
5898.73468018988  1.099614E-15
5899.21787164854  1.137027E-15
5899.70106310719  1.115708E-15
5900.18425456585  1.108805E-15
5900.66744602451  1.128103E-15
5901.15063748316  1.112196E-15
5901.63382894182  1.093346E-15
5902.11702040048  1.166406E-15
5902.60021185913  1.207140E-15
5903.08340331779  1.153561E-15
5903.56659477645  1.079210E-15
5904.04978623511  1.083468E-15
5904.53297769376  1.094505E-15
5905.01616915242  1.179322E-15
5905.49936061108  1.098804E-15
5905.98255206974  1.081637E-15
5906.46574352839  1.087140E-15
5906.94893498705  1.173464E-15
5907.43212644571  1.141660E-15
5907.91531790436  1.098038E-15
5908.39850936302  1.104627E-15
5908.88170082168  1.073108E-15
5909.36489228034  1.078007E-15
5909.84808373899  1.116700E-15
5910.33127519765  1.137482E-15
5910.81446665631  1.135746E-15
5911.29765811497  1.064522E-15
5911.78084957362  1.062889E-15
5912.26404103228  1.109686E-15
5912.74723249094  1.045870E-15
5913.23042394959  1.027721E-15
5913.71361540825  1.093921E-15
5914.19680686691  1.145794E-15
5914.67999832557  1.126370E-15
5915.16318978422  1.075039E-15
5915.64638124288  1.095070E-15
5916.12957270154  1.085683E-15
5916.61276416019  1.093983E-15
5917.09595561885  1.127817E-15
5917.57914707751  1.098618E-15
5918.06233853617  1.101038E-15
5918.54552999483  1.065744E-15
5919.02872145348  1.028934E-15
5919.51191291214  1.052437E-15
5919.9951043708  1.049959E-15
5920.47829582945  1.022470E-15
5920.96148728811  1.101363E-15
5921.44467874677  1.126192E-15
5921.92787020542  9.558862E-16
5922.41106166408  1.005544E-15
5922.89425312274  1.054828E-15
5923.3774445814  9.854422E-16
5923.86063604005  1.007480E-15
5924.34382749871  1.045349E-15
5924.82701895737  1.071957E-15
5925.31021041603  1.051716E-15
5925.79340187468  1.023618E-15
5926.27659333334  1.022479E-15
5926.759784792  1.064280E-15
5927.24297625065  1.031434E-15
5927.72616770931  1.040980E-15
5928.20935916797  1.091557E-15
5928.69255062663  1.081748E-15
5929.17574208528  1.070478E-15
5929.65893354394  1.115786E-15
5930.1421250026  1.063659E-15
5930.62531646125  1.030473E-15
5931.10850791991  1.053026E-15
5931.59169937857  1.054237E-15
5932.07489083723  1.047759E-15
5932.55808229589  1.024361E-15
5933.04127375454  1.058616E-15
5933.5244652132  1.081612E-15
5934.00765667186  1.048172E-15
5934.49084813051  1.012788E-15
5934.97403958917  1.021928E-15
5935.45723104783  1.040623E-15
5935.94042250649  1.114302E-15
5936.42361396514  1.107512E-15
5936.9068054238  1.064525E-15
5937.38999688246  1.058311E-15
5937.87318834111  1.005980E-15
5938.35637979977  1.030062E-15
5938.83957125843  1.048377E-15
5939.32276271709  1.010744E-15
5939.80595417574  1.012485E-15
5940.2891456344  1.016692E-15
5940.77233709306  9.926428E-16
5941.25552855171  1.018192E-15
5941.73872001037  1.059690E-15
5942.22191146903  1.016952E-15
5942.70510292769  1.023980E-15
5943.18829438634  1.037182E-15
5943.671485845  1.003025E-15
5944.15467730366  1.031782E-15
5944.63786876232  1.043792E-15
5945.12106022097  1.012555E-15
5945.60425167963  1.035632E-15
5946.08744313829  1.041116E-15
5946.57063459694  9.996648E-16
5947.0538260556  1.022601E-15
5947.53701751426  1.004170E-15
5948.02020897292  1.032450E-15
5948.50340043157  1.037947E-15
5948.98659189023  1.027622E-15
5949.46978334889  1.008710E-15
5949.95297480754  9.821965E-16
5950.4361662662  9.938111E-16
5950.91935772486  1.030352E-15
5951.40254918351  1.019513E-15
5951.88574064217  1.006389E-15
5952.36893210083  1.045061E-15
5952.85212355949  1.039102E-15
5953.33531501815  9.842433E-16
5953.8185064768  9.659472E-16
5954.30169793546  9.934746E-16
5954.78488939412  9.591694E-16
5955.26808085277  9.463739E-16
5955.75127231143  9.601172E-16
5956.23446377009  9.629991E-16
5956.71765522875  9.834147E-16
5957.2008466874  9.946209E-16
5957.68403814606  1.012442E-15
5958.16722960472  9.988449E-16
5958.65042106338  9.827475E-16
5959.13361252203  9.785573E-16
5959.61680398069  9.899885E-16
5960.09999543935  1.049427E-15
5960.583186898  1.041801E-15
5961.06637835666  1.000710E-15
5961.54956981532  1.029578E-15
5962.03276127397  1.045327E-15
5962.51595273263  1.043363E-15
5962.99914419129  1.004021E-15
5963.48233564995  9.619198E-16
5963.9655271086  9.891601E-16
5964.44871856726  1.002816E-15
5964.93191002592  9.840765E-16
5965.41510148458  1.003574E-15
5965.89829294323  1.021421E-15
5966.38148440189  9.676192E-16
5966.86467586055  9.334693E-16
5967.34786731921  9.901086E-16
5967.83105877786  1.068067E-15
5968.31425023652  9.864369E-16
5968.79744169518  9.764036E-16
5969.28063315383  1.017524E-15
5969.76382461249  9.946103E-16
5970.24701607115  9.841403E-16
5970.73020752981  1.037902E-15
5971.21339898846  1.032694E-15
5971.69659044712  1.023750E-15
5972.17978190578  1.049928E-15
5972.66297336443  9.974512E-16
5973.14616482309  1.005069E-15
5973.62935628175  9.548151E-16
5974.11254774041  9.468628E-16
5974.59573919906  1.003502E-15
5975.07893065772  1.044764E-15
5975.56212211638  1.056908E-15
5976.04531357504  9.809964E-16
5976.52850503369  9.850267E-16
5977.01169649235  9.764741E-16
5977.49488795101  9.577380E-16
5977.97807940967  1.010517E-15
5978.46127086832  9.730929E-16
5978.94446232698  9.579504E-16
5979.42765378564  1.002167E-15
5979.91084524429  9.985805E-16
5980.39403670295  1.035642E-15
5980.87722816161  1.079411E-15
5981.36041962027  1.019454E-15
5981.84361107892  1.010263E-15
5982.32680253758  1.034786E-15
5982.80999399624  1.008303E-15
5983.2931854549  1.000806E-15
5983.77637691355  1.036429E-15
5984.25956837221  1.061423E-15
5984.74275983087  1.019777E-15
5985.22595128952  1.003744E-15
5985.70914274818  1.036058E-15
5986.19233420684  1.025901E-15
5986.6755256655  1.026717E-15
5987.15871712415  1.107169E-15
5987.64190858281  1.084098E-15
5988.12510004147  9.533695E-16
5988.60829150012  9.788613E-16
5989.09148295878  1.024343E-15
5989.57467441744  1.047053E-15
5990.0578658761  1.068612E-15
5990.54105733475  1.056870E-15
5991.02424879341  1.072218E-15
5991.50744025207  1.035006E-15
5991.99063171073  1.010266E-15
5992.47382316938  1.016960E-15
5992.95701462804  1.089942E-15
5993.4402060867  1.078375E-15
5993.92339754535  1.054994E-15
5994.40658900401  1.049055E-15
5994.88978046267  1.000686E-15
5995.37297192133  1.031942E-15
5995.85616337998  1.038579E-15
5996.33935483864  1.045193E-15
5996.8225462973  1.034253E-15
5997.30573775595  1.017689E-15
5997.78892921461  1.046044E-15
5998.27212067327  1.031134E-15
5998.75531213193  9.849949E-16
5999.23850359058  9.823761E-16
5999.72169504924  1.032014E-15
6000.2048865079  9.971244E-16
6000.68807796655  9.849912E-16
6001.17126942521  9.987577E-16
6001.65446088387  1.009255E-15
6002.13765234253  1.016031E-15
6002.62084380118  1.004757E-15
6003.10403525984  1.019118E-15
6003.5872267185  1.002012E-15
6004.07041817716  1.078778E-15
6004.55360963581  1.060600E-15
6005.03680109447  1.006683E-15
6005.51999255313  1.008630E-15
6006.00318401179  9.909360E-16
6006.48637547044  1.029395E-15
6006.9695669291  1.034397E-15
6007.45275838776  1.015938E-15
6007.93594984641  1.033018E-15
6008.41914130507  1.018315E-15
6008.90233276373  1.001114E-15
6009.38552422238  1.062104E-15
6009.86871568104  1.053287E-15
6010.3519071397  1.004351E-15
6010.83509859836  1.020473E-15
6011.31829005701  1.019819E-15
6011.80148151567  1.021883E-15
6012.28467297433  9.903740E-16
6012.76786443299  1.002263E-15
6013.25105589164  1.013540E-15
6013.7342473503  9.709352E-16
6014.21743880896  1.065373E-15
6014.70063026761  9.904842E-16
6015.18382172627  9.639831E-16
6015.66701318493  1.043835E-15
6016.15020464359  9.897928E-16
6016.63339610225  9.933866E-16
6017.1165875609  1.050162E-15
6017.59977901956  1.031758E-15
6018.08297047822  1.004709E-15
6018.56616193687  1.039669E-15
6019.04935339553  1.015727E-15
6019.53254485419  1.043926E-15
6020.01573631285  1.007844E-15
6020.4989277715  9.913244E-16
6020.98211923016  1.021986E-15
6021.46531068882  1.025709E-15
6021.94850214747  9.584393E-16
6022.43169360613  9.972982E-16
6022.91488506479  1.012717E-15
6023.39807652345  9.573266E-16
6023.8812679821  9.879929E-16
6024.36445944076  1.045871E-15
6024.84765089942  9.614542E-16
6025.33084235807  9.952312E-16
6025.81403381673  1.026123E-15
6026.29722527539  1.054210E-15
6026.78041673405  1.098671E-15
6027.2636081927  1.042480E-15
6027.74679965136  1.041132E-15
6028.22999111002  1.014949E-15
6028.71318256867  1.040321E-15
6029.19637402733  1.019376E-15
6029.67956548599  1.002811E-15
6030.16275694465  1.032309E-15
6030.6459484033  1.066011E-15
6031.12913986196  1.038920E-15
6031.61233132062  1.004228E-15
6032.09552277928  9.941454E-16
6032.57871423793  9.870103E-16
6033.06190569659  9.953049E-16
6033.54509715525  1.034493E-15
6034.0282886139  1.020580E-15
6034.51148007256  9.750901E-16
6034.99467153122  9.724762E-16
6035.47786298988  9.836845E-16
6035.96105444853  1.032927E-15
6036.44424590719  1.010961E-15
6036.92743736585  1.012966E-15
6037.41062882451  1.056005E-15
6037.89382028316  1.012593E-15
6038.37701174182  1.022209E-15
6038.86020320048  1.027230E-15
6039.34339465913  9.628752E-16
6039.82658611779  9.983997E-16
6040.30977757645  1.107110E-15
6040.79296903511  1.091447E-15
6041.27616049376  1.060820E-15
6041.75935195242  1.005772E-15
6042.24254341108  1.052275E-15
6042.72573486974  1.004688E-15
6043.20892632839  9.710139E-16
6043.69211778705  1.015446E-15
6044.17530924571  1.102650E-15
6044.65850070436  1.029758E-15
6045.14169216302  1.032314E-15
6045.62488362168  1.024742E-15
6046.10807508034  1.039556E-15
6046.59126653899  1.045934E-15
6047.07445799765  9.419510E-16
6047.55764945631  1.000802E-15
6048.04084091496  9.785639E-16
6048.52403237362  1.019462E-15
6049.00722383228  1.041650E-15
6049.49041529094  9.858335E-16
6049.97360674959  9.832782E-16
6050.45679820825  1.091530E-15
6050.93998966691  1.035944E-15
6051.42318112557  1.019636E-15
6051.90637258422  1.075455E-15
6052.38956404288  1.078250E-15
6052.87275550154  9.803682E-16
6053.35594696019  1.055117E-15
6053.83913841885  1.053402E-15
6054.32232987751  1.042197E-15
6054.80552133617  1.065795E-15
6055.28871279482  1.050633E-15
6055.77190425348  1.005249E-15
6056.25509571214  1.037447E-15
6056.7382871708  1.135507E-15
6057.22147862945  1.107157E-15
6057.70467008811  1.008251E-15
6058.18786154677  1.108936E-15
6058.67105300542  9.638589E-16
6059.15424446408  1.046312E-15
6059.63743592274  1.057918E-15
6060.1206273814  1.094016E-15
6060.60381884005  1.111983E-15
6061.08701029871  1.010325E-15
6061.57020175737  1.009513E-15
6062.05339321602  1.037813E-15
6062.53658467468  1.045415E-15
6063.01977613334  1.083567E-15
6063.502967592  1.014938E-15
6063.98615905065  1.060693E-15
6064.46935050931  1.091679E-15
6064.95254196797  1.059012E-15
6065.43573342663  9.892719E-16
6065.91892488528  1.011024E-15
6066.40211634394  1.037631E-15
6066.8853078026  9.778189E-16
6067.36849926125  1.038669E-15
6067.85169071991  1.081249E-15
6068.33488217857  1.104177E-15
6068.81807363723  1.127914E-15
6069.30126509588  1.086802E-15
6069.78445655454  1.049441E-15
6070.2676480132  1.043611E-15
6070.75083947186  1.032025E-15
6071.23403093051  1.044607E-15
6071.71722238917  1.044838E-15
6072.20041384783  1.030197E-15
6072.68360530648  1.052481E-15
6073.16679676514  1.000770E-15
6073.6499882238  1.054802E-15
6074.13317968246  1.054761E-15
6074.61637114111  1.115516E-15
6075.09956259977  1.042919E-15
6075.58275405843  1.024755E-15
6076.06594551709  1.003186E-15
6076.54913697574  1.055306E-15
6077.0323284344  1.029237E-15
6077.51551989306  9.322863E-16
6077.99871135171  1.027674E-15
6078.48190281037  1.042255E-15
6078.96509426903  1.044151E-15
6079.44828572769  1.044863E-15
6079.93147718634  1.115743E-15
6080.414668645  1.103347E-15
6080.89786010366  1.102159E-15
6081.38105156231  1.037034E-15
6081.86424302097  1.017041E-15
6082.34743447963  1.026956E-15
6082.83062593829  9.988909E-16
6083.31381739694  1.024578E-15
6083.7970088556  1.019162E-15
6084.28020031426  1.010734E-15
6084.76339177292  9.811871E-16
6085.24658323157  1.035907E-15
6085.72977469023  1.027717E-15
6086.21296614889  1.041340E-15
6086.69615760755  1.106856E-15
6087.1793490662  1.096867E-15
6087.66254052486  1.086186E-15
6088.14573198352  1.041156E-15
6088.62892344217  1.059116E-15
6089.11211490083  1.023340E-15
6089.59530635949  1.030905E-15
6090.07849781815  1.047863E-15
6090.5616892768  1.067067E-15
6091.04488073546  1.049296E-15
6091.52807219412  1.002284E-15
6092.01126365277  1.032188E-15
6092.49445511143  1.093001E-15
6092.97764657009  1.094711E-15
6093.46083802875  1.074703E-15
6093.9440294874  1.108647E-15
6094.42722094606  1.037059E-15
6094.91041240472  1.013717E-15
6095.39360386337  1.061528E-15
6095.87679532203  1.047189E-15
6096.35998678069  1.076417E-15
6096.84317823935  1.045928E-15
6097.326369698  1.041028E-15
6097.80956115666  1.093579E-15
6098.29275261532  1.163614E-15
6098.77594407398  1.117733E-15
6099.25913553263  1.076510E-15
6099.74232699129  1.065313E-15
6100.22551844995  1.029261E-15
6100.70870990861  1.087889E-15
6101.19190136726  1.075456E-15
6101.67509282592  1.097880E-15
6102.15828428458  1.151643E-15
6102.64147574323  1.091096E-15
6103.12466720189  1.115790E-15
6103.60785866055  1.114786E-15
6104.0910501192  1.071590E-15
6104.57424157786  1.128326E-15
6105.05743303652  1.089637E-15
6105.54062449518  1.092929E-15
6106.02381595383  1.101066E-15
6106.50700741249  1.025313E-15
6106.99019887115  1.034463E-15
6107.47339032981  1.045072E-15
6107.95658178846  1.112202E-15
6108.43977324712  1.137205E-15
6108.92296470578  1.036400E-15
6109.40615616443  1.038190E-15
6109.88934762309  1.051592E-15
6110.37253908175  1.059091E-15
6110.85573054041  1.106236E-15
6111.33892199906  1.065778E-15
6111.82211345772  1.092499E-15
6112.30530491638  1.128489E-15
6112.78849637504  1.117546E-15
6113.27168783369  1.117449E-15
6113.75487929235  1.081026E-15
6114.23807075101  1.069194E-15
6114.72126220966  1.064449E-15
6115.20445366832  1.075613E-15
6115.68764512698  1.065629E-15
6116.17083658564  1.049887E-15
6116.65402804429  1.062047E-15
6117.13721950295  1.025831E-15
6117.62041096161  1.080537E-15
6118.10360242026  1.058748E-15
6118.58679387892  1.021038E-15
6119.06998533758  1.012008E-15
6119.55317679624  1.064279E-15
6120.03636825489  1.112528E-15
6120.51955971355  1.086681E-15
6121.00275117221  1.165970E-15
6121.48594263087  1.138673E-15
6121.96913408952  1.092664E-15
6122.45232554818  1.088434E-15
6122.93551700684  1.038200E-15
6123.4187084655  1.035537E-15
6123.90189992415  1.041003E-15
6124.38509138281  1.123928E-15
6124.86828284147  1.112798E-15
6125.35147430012  1.073262E-15
6125.83466575878  1.111359E-15
6126.31785721744  1.090171E-15
6126.8010486761  1.050001E-15
6127.28424013475  1.077902E-15
6127.76743159341  1.030548E-15
6128.25062305207  1.077071E-15
6128.73381451072  1.150233E-15
6129.21700596938  1.063553E-15
6129.70019742804  1.024264E-15
6130.1833888867  1.045483E-15
6130.66658034535  1.064447E-15
6131.14977180401  1.032686E-15
6131.63296326267  1.066386E-15
6132.11615472132  1.034693E-15
6132.59934617998  1.143730E-15
6133.08253763864  1.121967E-15
6133.5657290973  1.124194E-15
6134.04892055595  1.114845E-15
6134.53211201461  1.092063E-15
6135.01530347327  1.022812E-15
6135.49849493193  1.078914E-15
6135.98168639058  1.069692E-15
6136.46487784924  1.080040E-15
6136.9480693079  1.139791E-15
6137.43126076656  1.037028E-15
6137.91445222521  1.041133E-15
6138.39764368387  1.036688E-15
6138.88083514253  1.096016E-15
6139.36402660118  1.094498E-15
6139.84721805984  1.074386E-15
6140.3304095185  1.022587E-15
6140.81360097716  9.915813E-16
6141.29679243581  9.105489E-16
6141.77998389447  9.413713E-16
6142.26317535313  9.862372E-16
6142.74636681178  9.580293E-16
6143.22955827044  9.654663E-16
6143.7127497291  1.013503E-15
6144.19594118776  1.054002E-15
6144.67913264641  1.083436E-15
6145.16232410507  1.102825E-15
6145.64551556373  1.101640E-15
6146.12870702238  1.098309E-15
6146.61189848104  1.113498E-15
6147.0950899397  1.112293E-15
6147.57828139836  1.054957E-15
6148.06147285701  1.049884E-15
6148.54466431567  1.076018E-15
6149.02785577433  1.117198E-15
6149.51104723299  1.096856E-15
6149.99423869164  1.088595E-15
6150.4774301503  1.106369E-15
6150.96062160896  1.068954E-15
6151.44381306761  1.093012E-15
6151.92700452627  1.080215E-15
6152.41019598493  1.071470E-15
6152.89338744359  1.061596E-15
6153.37657890224  1.038492E-15
6153.8597703609  1.054888E-15
6154.34296181956  1.143731E-15
6154.82615327822  1.122592E-15
6155.30934473687  1.026011E-15
6155.79253619553  1.033839E-15
6156.27572765419  1.146120E-15
6156.75891911284  1.113937E-15
6157.2421105715  1.094180E-15
6157.72530203016  1.120403E-15
6158.20849348882  1.111033E-15
6158.69168494747  1.046882E-15
6159.17487640613  9.681877E-16
6159.65806786479  1.062714E-15
6160.14125932344  1.104758E-15
6160.6244507821  1.077513E-15
6161.10764224076  1.049133E-15
6161.59083369942  1.033953E-15
6162.07402515807  1.082203E-15
6162.55721661673  1.099165E-15
6163.04040807539  1.091121E-15
6163.52359953405  1.074301E-15
6164.0067909927  1.091172E-15
6164.48998245136  1.101355E-15
6164.97317391002  1.070312E-15
6165.45636536867  1.050660E-15
6165.93955682733  1.049062E-15
6166.42274828599  1.016218E-15
6166.90593974464  1.019808E-15
6167.3891312033  1.032537E-15
6167.87232266196  1.047746E-15
6168.35551412062  1.052220E-15
6168.83870557927  1.056585E-15
6169.32189703793  1.051900E-15
6169.80508849659  1.074191E-15
6170.28827995525  1.066497E-15
6170.7714714139  1.009228E-15
6171.25466287256  1.028476E-15
6171.73785433122  1.047215E-15
6172.22104578988  1.059168E-15
6172.70423724853  1.015820E-15
6173.18742870719  9.599960E-16
6173.67062016585  1.015835E-15
6174.15381162451  1.115675E-15
6174.63700308316  1.108336E-15
6175.12019454182  1.071674E-15
6175.60338600048  1.058319E-15
6176.08657745913  1.060914E-15
6176.56976891779  1.046490E-15
6177.05296037645  1.039746E-15
6177.5361518351  1.093098E-15
6178.01934329376  1.056718E-15
6178.50253475242  1.065047E-15
6178.98572621108  1.076889E-15
6179.46891766973  1.044373E-15
6179.95210912839  9.979705E-16
6180.43530058705  9.989176E-16
6180.91849204571  1.021647E-15
6181.40168350436  1.004078E-15
6181.88487496302  1.022924E-15
6182.36806642168  1.096886E-15
6182.85125788034  1.137663E-15
6183.33444933899  1.064782E-15
6183.81764079765  1.041878E-15
6184.30083225631  1.068175E-15
6184.78402371497  1.075520E-15
6185.26721517362  1.059842E-15
6185.75040663228  9.763844E-16
6186.23359809094  1.006987E-15
6186.71678954959  1.089702E-15
6187.19998100825  1.057901E-15
6187.68317246691  9.999103E-16
6188.16636392556  9.945399E-16
6188.64955538422  9.981421E-16
6189.13274684288  1.065706E-15
6189.61593830154  1.052985E-15
6190.09912976019  1.061484E-15
6190.58232121885  1.037485E-15
6191.06551267751  1.067372E-15
6191.54870413617  1.115161E-15
6192.03189559482  1.085726E-15
6192.51508705348  1.007407E-15
6192.99827851214  9.872857E-16
6193.48146997079  1.006160E-15
6193.96466142945  1.133931E-15
6194.44785288811  1.071910E-15
6194.93104434677  1.143862E-15
6195.41423580542  1.059419E-15
6195.89742726408  1.024745E-15
6196.38061872274  1.043085E-15
6196.8638101814  1.051162E-15
6197.34700164005  1.037476E-15
6197.83019309871  1.078703E-15
6198.31338455737  1.090362E-15
6198.79657601602  1.081119E-15
6199.27976747468  1.045394E-15
6199.76295893334  1.110415E-15
6200.246150392  1.139623E-15
6200.72934185065  1.077730E-15
6201.21253330931  1.068169E-15
6201.69572476797  1.101060E-15
6202.17891622662  1.079512E-15
6202.66210768528  1.102828E-15
6203.14529914394  1.098523E-15
6203.6284906026  1.089371E-15
6204.11168206126  1.123296E-15
6204.59487351991  1.063371E-15
6205.07806497857  1.096484E-15
6205.56125643722  1.065433E-15
6206.04444789588  1.119689E-15
6206.52763935454  1.085508E-15
6207.0108308132  1.100587E-15
6207.49402227185  1.099800E-15
6207.97721373051  1.043384E-15
6208.46040518917  1.040595E-15
6208.94359664783  1.127264E-15
6209.42678810648  1.051509E-15
6209.90997956514  1.122147E-15
6210.3931710238  1.057307E-15
6210.87636248246  1.049457E-15
6211.35955394111  1.084400E-15
6211.84274539977  1.140506E-15
6212.32593685843  1.099177E-15
6212.80912831708  1.043295E-15
6213.29231977574  1.060560E-15
6213.7755112344  1.158871E-15
6214.25870269306  1.063101E-15
6214.74189415171  1.046397E-15
6215.22508561037  1.070782E-15
6215.70827706903  1.070320E-15
6216.19146852768  1.094968E-15
6216.67465998634  9.913603E-16
6217.157851445  1.072274E-15
6217.64104290366  1.126025E-15
6218.12423436232  1.099288E-15
6218.60742582097  1.131466E-15
6219.09061727963  1.131089E-15
6219.57380873829  1.128916E-15
6220.05700019694  1.124189E-15
6220.5401916556  1.062619E-15
6221.02338311426  1.096318E-15
6221.50657457292  1.094994E-15
6221.98976603157  1.091041E-15
6222.47295749023  1.124161E-15
6222.95614894889  1.087733E-15
6223.43934040754  1.063261E-15
6223.9225318662  1.078606E-15
6224.40572332486  1.075193E-15
6224.88891478352  1.157202E-15
6225.37210624217  1.124000E-15
6225.85529770083  1.065366E-15
6226.33848915949  1.105738E-15
6226.82168061814  1.124998E-15
6227.3048720768  1.102724E-15
6227.78806353546  1.064887E-15
6228.27125499412  1.095693E-15
6228.75444645277  1.106672E-15
6229.23763791143  1.051998E-15
6229.72082937009  9.933421E-16
6230.20402082874  1.007574E-15
6230.6872122874  1.046168E-15
6231.17040374606  1.061946E-15
6231.65359520472  1.028956E-15
6232.13678666337  9.030065E-16
6232.61997812203  9.239281E-16
6233.10316958069  1.058965E-15
6233.58636103935  1.074740E-15
6234.069552498  1.085648E-15
6234.55274395666  1.106316E-15
6235.03593541532  1.056774E-15
6235.51912687397  1.101007E-15
6236.00231833263  1.178563E-15
6236.48550979129  1.155846E-15
6236.96870124995  1.112840E-15
6237.4518927086  1.075911E-15
6237.93508416726  1.094314E-15
6238.41827562592  1.126718E-15
6238.90146708458  1.094860E-15
6239.38465854323  1.012938E-15
6239.86785000189  1.032100E-15
6240.35104146055  9.881278E-16
6240.8342329192  9.623180E-16
6241.31742437786  9.188240E-16
6241.80061583652  9.492205E-16
6242.28380729518  1.043635E-15
6242.76699875383  1.103085E-15
6243.25019021249  1.122333E-15
6243.73338167115  1.132114E-15
6244.2165731298  1.099528E-15
6244.69976458846  1.101651E-15
6245.18295604712  1.069902E-15
6245.66614750578  1.050441E-15
6246.14933896443  1.057874E-15
6246.63253042309  1.113086E-15
6247.11572188175  1.034776E-15
6247.59891334041  1.054871E-15
6248.08210479906  1.047235E-15
6248.56529625772  1.106482E-15
6249.04848771638  1.026899E-15
6249.53167917503  1.058369E-15
6250.01487063369  1.081981E-15
6250.49806209235  1.112394E-15
6250.98125355101  1.073956E-15
6251.46444500966  1.091052E-15
6251.94763646832  1.077952E-15
6252.43082792698  1.101628E-15
6252.91401938564  1.081945E-15
6253.39721084429  1.120225E-15
6253.88040230295  1.097658E-15
6254.36359376161  1.069732E-15
6254.84678522026  1.054245E-15
6255.32997667892  1.027313E-15
6255.81316813758  1.020976E-15
6256.29635959624  1.088862E-15
6256.77955105489  1.202697E-15
6257.26274251355  1.153458E-15
6257.74593397221  1.127278E-15
6258.22912543086  1.058517E-15
6258.71231688952  1.091109E-15
6259.19550834818  1.075763E-15
6259.67869980684  1.118082E-15
6260.16189126549  1.129315E-15
6260.64508272415  1.061506E-15
6261.12827418281  1.041578E-15
6261.61146564147  1.091604E-15
6262.09465710012  1.071195E-15
6262.57784855878  1.078278E-15
6263.06104001744  1.079485E-15
6263.54423147609  1.045374E-15
6264.02742293475  1.086680E-15
6264.51061439341  1.051889E-15
6264.99380585207  1.108582E-15
6265.47699731072  1.139876E-15
6265.96018876938  1.099754E-15
6266.44338022804  1.107052E-15
6266.92657168669  1.073057E-15
6267.40976314535  1.042863E-15
6267.89295460401  1.082593E-15
6268.37614606267  1.116391E-15
6268.85933752132  1.150957E-15
6269.34252897998  1.077641E-15
6269.82572043864  1.058257E-15
6270.3089118973  1.053155E-15
6270.79210335595  1.125191E-15
6271.27529481461  1.114806E-15
6271.75848627327  1.098771E-15
6272.24167773193  1.111807E-15
6272.72486919058  1.059320E-15
6273.20806064924  1.035591E-15
6273.6912521079  1.052964E-15
6274.17444356655  1.076635E-15
6274.65763502521  1.065873E-15
6275.14082648387  1.065017E-15
6275.62401794253  1.090531E-15
6276.10720940118  1.054213E-15
6276.59040085984  1.087472E-15
6277.0735923185  1.129892E-15
6277.55678377715  1.119320E-15
6278.03997523581  1.073881E-15
6278.52316669447  1.068505E-15
6279.00635815313  1.078896E-15
6279.48954961178  9.969921E-16
6279.97274107044  1.021513E-15
6280.4559325291  1.125921E-15
6280.93912398776  1.088712E-15
6281.42231544641  1.029491E-15
6281.90550690507  1.013853E-15
6282.38869836373  1.037194E-15
6282.87188982238  1.055338E-15
6283.35508128104  1.055792E-15
6283.8382727397  1.087401E-15
6284.32146419836  1.086162E-15
6284.80465565701  1.078222E-15
6285.28784711567  1.082585E-15
6285.77103857433  1.089130E-15
6286.25423003299  1.083724E-15
6286.73742149164  1.041273E-15
6287.2206129503  1.069068E-15
6287.70380440896  1.089949E-15
6288.18699586761  1.097511E-15
6288.67018732627  1.118018E-15
6289.15337878493  1.074391E-15
6289.63657024359  1.141759E-15
6290.11976170224  1.078267E-15
6290.6029531609  1.067527E-15
6291.08614461956  1.182558E-15
6291.56933607822  1.140544E-15
6292.05252753687  1.055678E-15
6292.53571899553  1.064212E-15
6293.01891045419  1.076357E-15
6293.50210191284  1.077586E-15
6293.9852933715  1.120451E-15
6294.46848483016  1.103426E-15
6294.95167628881  1.048802E-15
6295.43486774747  1.113108E-15
6295.91805920613  1.157776E-15
6296.40125066479  1.040041E-15
6296.88444212344  1.088229E-15
6297.3676335821  1.159232E-15
6297.85082504076  1.119997E-15
6298.33401649942  1.099699E-15
6298.81720795807  9.516560E-16
6299.30039941673  1.007159E-15
6299.78359087539  1.077857E-15
6300.26678233404  1.031170E-15
6300.7499737927  1.098095E-15
6301.23316525136  1.130909E-15
6301.71635671002  1.072206E-15
6302.19954816868  1.083881E-15
6302.68273962733  1.057431E-15
6303.16593108599  1.091916E-15
6303.64912254465  1.062407E-15
6304.1323140033  1.043079E-15
6304.61550546196  9.989735E-16
6305.09869692062  1.036515E-15
6305.58188837928  1.032673E-15
6306.06507983793  1.017290E-15
6306.54827129659  1.042393E-15
6307.03146275525  1.075242E-15
6307.5146542139  1.044845E-15
6307.99784567256  1.058118E-15
6308.48103713122  1.135194E-15
6308.96422858987  1.081441E-15
6309.44742004853  9.963938E-16
6309.93061150719  1.112725E-15
6310.41380296585  1.069834E-15
6310.8969944245  1.109416E-15
6311.38018588316  1.040624E-15
6311.86337734182  9.955195E-16
6312.34656880048  9.671954E-16
6312.82976025913  1.020534E-15
6313.31295171779  1.054261E-15
6313.79614317645  1.036961E-15
6314.2793346351  1.037439E-15
6314.76252609376  1.017092E-15
6315.24571755242  1.052297E-15
6315.72890901108  1.032584E-15
6316.21210046973  1.127322E-15
6316.69529192839  1.127290E-15
6317.17848338705  1.122254E-15
6317.66167484571  1.019648E-15
6318.14486630436  1.056880E-15
6318.62805776302  1.115204E-15
6319.11124922168  1.043003E-15
6319.59444068033  1.015907E-15
6320.07763213899  1.042288E-15
6320.56082359765  1.093167E-15
6321.04401505631  1.070333E-15
6321.52720651496  1.023939E-15
6322.01039797362  1.042534E-15
6322.49358943228  1.063416E-15
6322.97678089094  1.124335E-15
6323.45997234959  1.126362E-15
6323.94316380825  1.090930E-15
6324.42635526691  1.080848E-15
6324.90954672556  1.082918E-15
6325.39273818422  1.136863E-15
6325.87592964288  1.050835E-15
6326.35912110154  9.945159E-16
6326.84231256019  1.070299E-15
6327.32550401885  1.106155E-15
6327.80869547751  1.081509E-15
6328.29188693617  1.064180E-15
6328.77507839482  1.118068E-15
6329.25826985348  1.161320E-15
6329.74146131214  1.173069E-15
6330.22465277079  1.067903E-15
6330.70784422945  1.055418E-15
6331.19103568811  1.128490E-15
6331.67422714677  1.067495E-15
6332.15741860542  1.085794E-15
6332.64061006408  1.112757E-15
6333.12380152274  1.068988E-15
6333.60699298139  1.109460E-15
6334.09018444005  1.120294E-15
6334.57337589871  1.086831E-15
6335.05656735737  1.058691E-15
6335.53975881603  1.070639E-15
6336.02295027468  1.107977E-15
6336.50614173334  1.118307E-15
6336.989333192  1.105781E-15
6337.47252465065  1.003749E-15
6337.95571610931  1.022766E-15
6338.43890756797  1.076723E-15
6338.92209902663  1.071534E-15
6339.40529048528  1.065300E-15
6339.88848194394  1.072456E-15
6340.3716734026  1.116253E-15
6340.85486486125  1.008301E-15
6341.33805631991  9.569918E-16
6341.82124777857  1.005116E-15
6342.30443923723  1.009795E-15
6342.78763069588  1.061437E-15
6343.27082215454  1.074365E-15
6343.7540136132  1.146853E-15
6344.23720507185  1.076306E-15
6344.72039653051  1.097685E-15
6345.20358798917  1.132678E-15
6345.68677944783  1.051431E-15
6346.16997090648  1.094497E-15
6346.65316236514  1.109156E-15
6347.1363538238  1.049817E-15
6347.61954528245  1.077135E-15
6348.10273674111  1.026522E-15
6348.58592819977  1.058386E-15
6349.06911965843  1.118478E-15
6349.55231111708  1.082297E-15
6350.03550257574  1.038793E-15
6350.5186940344  1.092241E-15
6351.00188549306  1.102685E-15
6351.48507695171  1.085784E-15
6351.96826841037  1.098568E-15
6352.45145986903  1.056096E-15
6352.93465132768  1.050175E-15
6353.41784278634  1.123664E-15
6353.901034245  1.148152E-15
6354.38422570366  1.158048E-15
6354.86741716231  1.125106E-15
6355.35060862097  1.101856E-15
6355.83380007963  1.086850E-15
6356.31699153829  1.096611E-15
6356.80018299694  1.163163E-15
6357.2833744556  1.218141E-15
6357.76656591426  1.135255E-15
6358.24975737291  1.115909E-15
6358.73294883157  1.199155E-15
6359.21614029023  1.127504E-15
6359.69933174889  1.069472E-15
6360.18252320754  1.077997E-15
6360.6657146662  1.083711E-15
6361.14890612486  1.122355E-15
6361.63209758351  1.132610E-15
6362.11528904217  1.071250E-15
6362.59848050083  1.098945E-15
6363.08167195949  1.051813E-15
6363.56486341814  1.064950E-15
6364.0480548768  1.017853E-15
6364.53124633546  1.033154E-15
6365.01443779411  1.108135E-15
6365.49762925277  1.024429E-15
6365.98082071143  1.007071E-15
6366.46401217009  1.060560E-15
6366.94720362874  1.016332E-15
6367.4303950874  1.079912E-15
6367.91358654606  1.155303E-15
6368.39677800471  1.133522E-15
6368.87996946337  1.158268E-15
6369.36316092203  1.119945E-15
6369.84635238069  1.142865E-15
6370.32954383935  1.165674E-15
6370.812735298  1.188658E-15
6371.29592675666  1.134223E-15
6371.77911821532  1.114103E-15
6372.26230967397  1.173048E-15
6372.74550113263  1.109198E-15
6373.22869259129  1.149006E-15
6373.71188404995  1.100304E-15
6374.1950755086  1.097383E-15
6374.67826696726  1.170926E-15
6375.16145842592  1.169613E-15
6375.64464988457  1.125540E-15
6376.12784134323  1.148065E-15
6376.61103280189  1.190821E-15
6377.09422426055  1.169366E-15
6377.5774157192  1.156974E-15
6378.06060717786  1.115822E-15
6378.54379863652  1.202047E-15
6379.02699009518  1.166036E-15
6379.51018155383  1.071764E-15
6379.99337301249  1.141889E-15
6380.47656447115  1.181254E-15
6380.9597559298  1.155300E-15
6381.44294738846  1.155423E-15
6381.92613884712  1.179436E-15
6382.40933030578  1.132198E-15
6382.89252176443  1.117300E-15
6383.37571322309  1.128617E-15
6383.85890468175  1.136341E-15
6384.34209614041  1.116745E-15
6384.82528759906  1.089528E-15
6385.30847905772  1.103349E-15
6385.79167051638  1.087804E-15
6386.27486197504  1.144831E-15
6386.75805343369  1.137680E-15
6387.24124489235  1.094371E-15
6387.72443635101  1.163536E-15
6388.20762780966  1.190978E-15
6388.69081926832  1.152097E-15
6389.17401072698  1.093968E-15
6389.65720218563  1.126363E-15
6390.14039364429  1.224074E-15
6390.62358510295  1.161225E-15
6391.10677656161  1.179244E-15
6391.58996802026  1.226763E-15
6392.07315947892  1.215955E-15
6392.55635093758  1.176314E-15
6393.03954239623  1.197606E-15
6393.52273385489  1.259464E-15
6394.00592531355  1.174042E-15
6394.48911677221  1.210267E-15
6394.97230823086  1.328356E-15
6395.45549968952  1.190839E-15
6395.93869114818  1.139657E-15
6396.42188260684  1.229159E-15
6396.90507406549  1.137226E-15
6397.38826552415  1.123496E-15
6397.87145698281  1.120309E-15
6398.35464844146  1.108229E-15
6398.83783990012  1.148032E-15
6399.32103135878  1.139665E-15
6399.80422281744  1.157517E-15
6400.28741427609  1.147703E-15
6400.77060573475  1.112915E-15
6401.25379719341  1.105560E-15
6401.73698865207  1.054467E-15
6402.22018011072  1.048051E-15
6402.70337156938  1.139422E-15
6403.18656302804  1.080225E-15
6403.66975448669  1.159031E-15
6404.15294594535  1.235863E-15
6404.63613740401  1.218376E-15
6405.11932886267  1.202904E-15
6405.60252032132  1.142822E-15
6406.08571177998  1.149766E-15
6406.56890323864  1.081226E-15
6407.05209469729  1.097427E-15
6407.53528615595  1.172709E-15
6408.01847761461  1.157667E-15
6408.50166907327  1.147081E-15
6408.98486053193  1.157401E-15
6409.46805199058  1.192702E-15
6409.95124344924  1.211886E-15
6410.4344349079  1.212154E-15
6410.91762636655  1.129271E-15
6411.40081782521  1.039922E-15
6411.88400928387  9.968703E-16
6412.36720074253  1.112541E-15
6412.85039220118  1.221905E-15
6413.33358365984  1.202911E-15
6413.8167751185  1.265853E-15
6414.29996657715  1.239441E-15
6414.78315803581  1.185308E-15
6415.26634949447  1.213237E-15
6415.74954095313  1.100379E-15
6416.23273241178  1.175662E-15
6416.71592387044  1.187645E-15
6417.1991153291  1.232495E-15
6417.68230678775  1.104481E-15
6418.16549824641  1.145730E-15
6418.64868970507  1.146964E-15
6419.13188116373  1.141422E-15
6419.61507262238  1.205286E-15
6420.09826408104  1.199688E-15
6420.5814555397  1.157630E-15
6421.06464699836  1.196923E-15
6421.54783845701  1.147858E-15
6422.03102991567  1.149739E-15
6422.51422137433  1.167625E-15
6422.99741283299  1.171190E-15
6423.48060429164  1.200616E-15
6423.9637957503  1.194802E-15
6424.44698720896  1.219188E-15
6424.93017866761  1.189915E-15
6425.41337012627  1.137068E-15
6425.89656158493  1.201001E-15
6426.37975304358  1.162431E-15
6426.86294450224  1.104475E-15
6427.3461359609  1.135150E-15
6427.82932741956  1.116374E-15
6428.31251887821  1.168340E-15
6428.79571033687  1.269205E-15
6429.27890179553  1.270164E-15
6429.76209325419  1.214012E-15
6430.24528471284  1.235306E-15
6430.7284761715  1.264052E-15
6431.21166763016  1.199208E-15
6431.69485908881  1.202776E-15
6432.17805054747  1.175924E-15
6432.66124200613  1.082063E-15
6433.14443346479  1.143209E-15
6433.62762492344  1.244544E-15
6434.1108163821  1.232658E-15
6434.59400784076  1.204380E-15
6435.07719929941  1.180898E-15
6435.56039075807  1.183063E-15
6436.04358221673  1.161459E-15
6436.52677367539  1.184262E-15
6437.00996513404  1.236060E-15
6437.4931565927  1.205797E-15
6437.97634805136  1.229833E-15
6438.45953951002  1.227054E-15
6438.94273096867  1.231898E-15
6439.42592242733  1.238947E-15
6439.90911388599  1.300827E-15
6440.39230534465  1.272395E-15
6440.8754968033  1.238507E-15
6441.35868826196  1.295365E-15
6441.84187972062  1.256112E-15
6442.32507117927  1.292315E-15
6442.80826263793  1.346862E-15
6443.29145409659  1.211987E-15
6443.77464555525  1.197344E-15
6444.2578370139  1.324494E-15
6444.74102847256  1.242345E-15
6445.22421993122  1.236366E-15
6445.70741138987  1.258626E-15
6446.19060284853  1.229597E-15
6446.67379430719  1.194642E-15
6447.15698576585  1.215438E-15
6447.6401772245  1.215825E-15
6448.12336868316  1.195868E-15
6448.60656014182  1.222536E-15
6449.08975160048  1.277821E-15
6449.57294305913  1.259112E-15
6450.05613451779  1.214811E-15
6450.53932597645  1.115361E-15
6451.0225174351  1.054001E-15
6451.50570889376  1.062128E-15
6451.98890035242  1.216139E-15
6452.47209181108  1.290513E-15
6452.95528326973  1.387855E-15
6453.43847472839  1.390163E-15
6453.92166618705  1.259817E-15
6454.4048576457  1.305079E-15
6454.88804910436  1.273574E-15
6455.37124056302  1.327100E-15
6455.85443202168  1.336338E-15
6456.33762348033  1.376727E-15
6456.82081493899  1.293240E-15
6457.30400639765  1.380832E-15
6457.78719785631  1.406302E-15
6458.27038931496  1.354191E-15
6458.75358077362  1.340518E-15
6459.23677223228  1.338296E-15
6459.71996369094  1.344500E-15
6460.20315514959  1.368756E-15
6460.68634660825  1.353654E-15
6461.16953806691  1.372922E-15
6461.65272952556  1.319227E-15
6462.13592098422  1.376949E-15
6462.61911244288  1.320003E-15
6463.10230390153  1.311700E-15
6463.58549536019  1.405399E-15
6464.06868681885  1.323156E-15
6464.55187827751  1.257673E-15
6465.03506973616  1.299486E-15
6465.51826119482  1.341158E-15
6466.00145265348  1.326474E-15
6466.48464411214  1.360781E-15
6466.96783557079  1.341736E-15
6467.45102702945  1.303867E-15
6467.93421848811  1.355071E-15
6468.41740994676  1.338198E-15
6468.90060140542  1.317232E-15
6469.38379286408  1.361377E-15
6469.86698432274  1.319488E-15
6470.35017578139  1.351377E-15
6470.83336724005  1.405465E-15
6471.31655869871  1.399822E-15
6471.79975015736  1.313229E-15
6472.28294161602  1.373848E-15
6472.76613307468  1.436462E-15
6473.24932453334  1.419922E-15
6473.732515992  1.369339E-15
6474.21570745065  1.419827E-15
6474.69889890931  1.470350E-15
6475.18209036797  1.478380E-15
6475.66528182662  1.459387E-15
6476.14847328528  1.513720E-15
6476.63166474394  1.479093E-15
6477.1148562026  1.466977E-15
6477.59804766125  1.352444E-15
6478.08123911991  1.366366E-15
6478.56443057857  1.486285E-15
6479.04762203722  1.494654E-15
6479.53081349588  1.447860E-15
6480.01400495454  1.458372E-15
6480.4971964132  1.410822E-15
6480.98038787185  1.467259E-15
6481.46357933051  1.413504E-15
6481.94677078917  1.362692E-15
6482.42996224783  1.453874E-15
6482.91315370648  1.402990E-15
6483.39634516514  1.470683E-15
6483.8795366238  1.502667E-15
6484.36272808245  1.400718E-15
6484.84591954111  1.437305E-15
6485.32911099977  1.469320E-15
6485.81230245843  1.426631E-15
6486.29549391708  1.359545E-15
6486.77868537574  1.281484E-15
6487.2618768344  1.338842E-15
6487.74506829305  1.383018E-15
6488.22825975171  1.481735E-15
6488.71145121037  1.591625E-15
6489.19464266903  1.506027E-15
6489.67783412768  1.513842E-15
6490.16102558634  1.502108E-15
6490.644217045  1.536090E-15
6491.12740850366  1.663862E-15
6491.61059996231  1.645980E-15
6492.09379142097  1.565642E-15
6492.57698287963  1.559581E-15
6493.06017433828  1.613566E-15
6493.54336579694  1.598283E-15
6494.0265572556  1.676111E-15
6494.50974871426  1.679214E-15
6494.99294017291  1.678243E-15
6495.47613163157  1.725796E-15
6495.95932309023  1.692121E-15
6496.44251454889  1.725144E-15
6496.92570600754  1.728975E-15
6497.4088974662  1.709268E-15
6497.89208892486  1.730873E-15
6498.37528038351  1.718268E-15
6498.85847184217  1.732416E-15
6499.34166330083  1.717975E-15
6499.82485475948  1.756922E-15
6500.30804621814  1.759776E-15
6500.7912376768  1.742269E-15
6501.27442913546  1.724278E-15
6501.75762059411  1.805629E-15
6502.24081205277  1.687509E-15
6502.72400351143  1.804654E-15
6503.20719497009  1.822915E-15
6503.69038642875  1.829886E-15
6504.1735778874  1.802004E-15
6504.65676934606  1.752842E-15
6505.13996080472  1.732929E-15
6505.62315226337  1.777214E-15
6506.10634372203  1.743292E-15
6506.58953518069  1.801605E-15
6507.07272663935  1.696558E-15
6507.555918098  1.729829E-15
6508.03910955666  1.754809E-15
6508.52230101532  1.778581E-15
6509.00549247397  1.808748E-15
6509.48868393263  1.818116E-15
6509.97187539129  1.789494E-15
6510.45506684995  1.768097E-15
6510.9382583086  1.802570E-15
6511.42144976726  1.510380E-15
6511.90464122592  1.579791E-15
6512.38783268457  1.712640E-15
6512.87102414323  1.812286E-15
6513.35421560189  1.832007E-15
6513.83740706055  1.762519E-15
6514.3205985192  1.842414E-15
6514.80378997786  1.910690E-15
6515.28698143652  1.858268E-15
6515.77017289518  1.901025E-15
6516.25336435383  1.863479E-15
6516.73655581249  1.848039E-15
6517.21974727115  1.950291E-15
6517.7029387298  1.942935E-15
6518.18613018846  1.953585E-15
6518.66932164712  1.990560E-15
6519.15251310578  2.044953E-15
6519.63570456443  2.028607E-15
6520.11889602309  1.995658E-15
6520.60208748175  1.995129E-15
6521.0852789404  2.174406E-15
6521.56847039906  1.953645E-15
6522.05166185772  1.997871E-15
6522.53485331638  2.079267E-15
6523.01804477503  2.028937E-15
6523.50123623369  1.981799E-15
6523.98442769235  2.054751E-15
6524.46761915101  2.019518E-15
6524.95081060966  2.048981E-15
6525.43400206832  2.033022E-15
6525.91719352698  2.098547E-15
6526.40038498563  2.103715E-15
6526.88357644429  2.076887E-15
6527.36676790295  2.131779E-15
6527.84995936161  2.177952E-15
6528.33315082026  2.197995E-15
6528.81634227892  2.174284E-15
6529.29953373758  2.157401E-15
6529.78272519623  2.120574E-15
6530.26591665489  2.206089E-15
6530.74910811355  2.192354E-15
6531.23229957221  2.300455E-15
6531.71549103086  2.291739E-15
6532.19868248952  2.308711E-15
6532.68187394818  2.264564E-15
6533.16506540684  2.271763E-15
6533.64825686549  2.298456E-15
6534.13144832415  2.213027E-15
6534.61463978281  2.326987E-15
6535.09783124146  2.443700E-15
6535.58102270012  2.364216E-15
6536.06421415878  2.358493E-15
6536.54740561744  2.341076E-15
6537.0305970761  2.361832E-15
6537.51378853475  2.357875E-15
6537.99697999341  2.340302E-15
6538.48017145207  2.529560E-15
6538.96336291072  2.524893E-15
6539.44655436938  2.469631E-15
6539.92974582804  2.521122E-15
6540.4129372867  2.582384E-15
6540.89612874535  2.579202E-15
6541.37932020401  2.616177E-15
6541.86251166267  2.609527E-15
6542.34570312132  2.520316E-15
6542.82889457998  2.589098E-15
6543.31208603864  2.653310E-15
6543.7952774973  2.646275E-15
6544.27846895595  2.685926E-15
6544.76166041461  2.778936E-15
6545.24485187327  2.726689E-15
6545.72804333192  2.740135E-15
6546.21123479058  2.795559E-15
6546.69442624924  2.889518E-15
6547.1776177079  2.950496E-15
6547.66080916655  2.907718E-15
6548.14400062521  2.886655E-15
6548.62719208387  2.858378E-15
6549.11038354252  2.839919E-15
6549.59357500118  2.899171E-15
6550.07676645984  2.996013E-15
6550.5599579185  2.931534E-15
6551.04314937715  2.988416E-15
6551.52634083581  3.081320E-15
6552.00953229447  2.983506E-15
6552.49272375312  3.028896E-15
6552.97591521178  3.007361E-15
6553.45910667044  2.938818E-15
6553.9422981291  3.040293E-15
6554.42548958775  3.066556E-15
6554.90868104641  2.905973E-15
6555.39187250507  2.883858E-15
6555.87506396373  3.057778E-15
6556.35825542238  3.141284E-15
6556.84144688104  3.209138E-15
6557.3246383397  2.969029E-15
6557.80782979836  2.318592E-15
6558.29102125701  1.761415E-15
6558.77421271567  2.890895E-15
6559.25740417433  6.432076E-15
6559.74059563298  9.065388E-15
6560.22378709164  8.306369E-15
6560.7069785503  6.056268E-15
6561.19017000896  4.471219E-15
6561.67336146761  3.736336E-15
6562.15655292627  3.545705E-15
6562.63974438493  3.347476E-15
6563.12293584358  3.232957E-15
6563.60612730224  3.146885E-15
6564.0893187609  3.063339E-15
6564.57251021956  2.996848E-15
6565.05570167821  3.052531E-15
6565.53889313687  3.014401E-15
6566.02208459553  2.981833E-15
6566.50527605418  2.972943E-15
6566.98846751284  2.898267E-15
6567.4716589715  2.886366E-15
6567.95485043016  2.921125E-15
6568.43804188881  2.940733E-15
6568.92123334747  2.863421E-15
6569.40442480613  2.783863E-15
6569.88761626478  2.746035E-15
6570.37080772344  2.747341E-15
6570.8539991821  2.678265E-15
6571.33719064076  2.651822E-15
6571.82038209942  2.544841E-15
6572.30357355807  2.536020E-15
6572.78676501673  2.597379E-15
6573.26995647539  2.559395E-15
6573.75314793404  2.548746E-15
6574.2363393927  2.576860E-15
6574.71953085136  2.545000E-15
6575.20272231002  2.451060E-15
6575.68591376867  2.432795E-15
6576.16910522733  2.308196E-15
6576.65229668599  2.268062E-15
6577.13548814465  2.345674E-15
6577.6186796033  2.320388E-15
6578.10187106196  2.318475E-15
6578.58506252062  2.359548E-15
6579.06825397927  2.360304E-15
6579.55144543793  2.322114E-15
6580.03463689659  2.344278E-15
6580.51782835525  2.226199E-15
6581.0010198139  2.216230E-15
6581.48421127256  2.243045E-15
6581.96740273122  2.209357E-15
6582.45059418987  2.153412E-15
6582.93378564853  2.128891E-15
6583.41697710719  2.184227E-15
6583.90016856585  2.123102E-15
6584.3833600245  2.152661E-15
6584.86655148316  2.037238E-15
6585.34974294182  2.154729E-15
6585.83293440047  2.075599E-15
6586.31612585913  2.125487E-15
6586.79931731779  2.087622E-15
6587.28250877645  2.080420E-15
6587.7657002351  2.097180E-15
6588.24889169376  2.114407E-15
6588.73208315242  2.028414E-15
6589.21527461108  2.032473E-15
6589.69846606973  2.024515E-15
6590.18165752839  2.071723E-15
6590.66484898705  2.039891E-15
6591.14804044571  1.935955E-15
6591.63123190436  1.975392E-15
6592.11442336302  1.959300E-15
6592.59761482168  2.029264E-15
6593.08080628033  1.920332E-15
6593.56399773899  1.911351E-15
6594.04718919765  1.869663E-15
6594.5303806563  1.899981E-15
6595.01357211496  1.892753E-15
6595.49676357362  1.821059E-15
6595.97995503228  1.935030E-15
6596.46314649093  1.735207E-15
6596.94633794959  1.807114E-15
6597.42952940825  1.835369E-15
6597.91272086691  1.777591E-15
6598.39591232556  1.800844E-15
6598.87910378422  1.750298E-15
6599.36229524288  1.753450E-15
6599.84548670153  1.734063E-15
6600.32867816019  1.627698E-15
6600.81186961885  1.609442E-15
6601.29506107751  1.687694E-15
6601.77825253616  1.622730E-15
6602.26144399482  1.524476E-15
6602.74463545348  1.564043E-15
6603.22782691214  1.534558E-15
6603.71101837079  1.544552E-15
6604.19420982945  1.633282E-15
6604.67740128811  1.702300E-15
6605.16059274677  1.564616E-15
6605.64378420542  1.623461E-15
6606.12697566408  1.624858E-15
6606.61016712274  1.517519E-15
6607.09335858139  1.555303E-15
6607.57655004005  1.641595E-15
6608.05974149871  1.611183E-15
6608.54293295736  1.637932E-15
6609.02612441602  1.514858E-15
6609.50931587468  1.513281E-15
6609.99250733334  1.519329E-15
6610.47569879199  1.501872E-15
6610.95889025065  1.455654E-15
6611.44208170931  1.437476E-15
6611.92527316797  1.428251E-15
6612.40846462662  1.475676E-15
6612.89165608528  1.473534E-15
6613.37484754394  1.513010E-15
6613.8580390026  1.520068E-15
6614.34123046125  1.402305E-15
6614.82442191991  1.402239E-15
6615.30761337857  1.416322E-15
6615.79080483722  1.521266E-15
6616.27399629588  1.460615E-15
6616.75718775454  1.405948E-15
6617.2403792132  1.378300E-15
6617.72357067185  1.460018E-15
6618.20676213051  1.533606E-15
6618.68995358917  6.343682E-16
6619.17314504782  9.845689E-16
6619.65633650648  1.439785E-15
6620.13952796514  1.453032E-15
6620.6227194238  1.430462E-15
6621.10591088245  1.429266E-15
6621.58910234111  1.426516E-15
6622.07229379977  1.336000E-15
6622.55548525842  1.385113E-15
6623.03867671708  1.366256E-15
6623.52186817574  1.406656E-15
6624.0050596344  1.425916E-15
6624.48825109305  1.357263E-15
6624.97144255171  1.373676E-15
6625.45463401037  1.369810E-15
6625.93782546903  1.339241E-15
6626.42101692768  1.331873E-15
6626.90420838634  1.359586E-15
6627.387399845  1.423928E-15
6627.87059130366  1.459668E-15
6628.35378276231  1.354174E-15
6628.83697422097  1.383651E-15
6629.32016567963  1.340074E-15
6629.80335713828  1.332037E-15
6630.28654859694  1.398945E-15
6630.7697400556  1.316284E-15
6631.25293151425  1.285769E-15
6631.73612297291  1.261655E-15
6632.21931443157  1.309042E-15
6632.70250589023  1.268314E-15
6633.18569734888  1.250001E-15
6633.66888880754  1.345011E-15
6634.1520802662  1.352482E-15
6634.63527172486  1.338074E-15
6635.11846318351  1.342231E-15
6635.60165464217  1.356856E-15
6636.08484610083  1.330471E-15
6636.56803755949  1.276067E-15
6637.05122901814  1.249051E-15
6637.5344204768  1.252743E-15
6638.01761193546  1.266568E-15
6638.50080339411  1.249161E-15
6638.98399485277  1.271149E-15
6639.46718631143  1.303253E-15
6639.95037777009  1.268955E-15
6640.43356922874  1.289662E-15
6640.9167606874  1.316801E-15
6641.39995214606  1.312935E-15
6641.88314360472  1.278475E-15
6642.36633506337  1.251102E-15
6642.84952652203  1.278199E-15
6643.33271798069  1.287924E-15
6643.81590943934  1.285318E-15
6644.299100898  1.276908E-15
6644.78229235666  1.225138E-15
6645.26548381532  1.138457E-15
6645.74867527397  1.197631E-15
6646.23186673263  1.319016E-15
6646.71505819129  1.282549E-15
6647.19824964994  1.235191E-15
6647.6814411086  1.260381E-15
6648.16463256726  1.291387E-15
6648.64782402592  1.290459E-15
6649.13101548457  1.226756E-15
6649.61420694323  1.172323E-15
6650.09739840189  1.227194E-15
6650.58058986054  1.265079E-15
6651.0637813192  1.179422E-15
6651.54697277786  1.207400E-15
6652.03016423652  1.242711E-15
6652.51335569517  1.213735E-15
6652.99654715383  1.215769E-15
6653.47973861249  1.203801E-15
6653.96293007115  1.231980E-15
6654.4461215298  1.183992E-15
6654.92931298846  1.142548E-15
6655.41250444712  1.253191E-15
6655.89569590577  1.254851E-15
6656.37888736443  1.249578E-15
6656.86207882309  1.229288E-15
6657.34527028175  1.235408E-15
6657.8284617404  1.204602E-15
6658.31165319906  1.217933E-15
6658.79484465772  1.157672E-15
6659.27803611637  1.149646E-15
6659.76122757503  1.210345E-15
6660.24441903369  1.182189E-15
6660.72761049235  1.209727E-15
6661.210801951  1.120712E-15
6661.69399340966  1.124390E-15
6662.17718486832  1.301381E-15
6662.66037632698  1.303366E-15
6663.14356778563  1.193203E-15
6663.62675924429  1.183538E-15
6664.10995070295  1.277478E-15
6664.59314216161  1.260420E-15
6665.07633362026  1.298550E-15
6665.55952507892  1.230564E-15
6666.04271653758  1.205252E-15
6666.52590799623  1.189741E-15
6667.00909945489  1.229595E-15
6667.49229091355  1.207815E-15
6667.9754823722  1.175166E-15
6668.45867383086  1.164595E-15
6668.94186528952  1.165624E-15
6669.42505674818  1.187396E-15
6669.90824820684  1.220395E-15
6670.39143966549  1.198865E-15
6670.87463112415  1.158637E-15
6671.35782258281  1.261821E-15
6671.84101404146  1.196745E-15
6672.32420550012  1.116478E-15
6672.80739695878  1.140146E-15
6673.29058841744  1.188030E-15
6673.77377987609  1.136691E-15
6674.25697133475  1.124340E-15
6674.74016279341  1.150159E-15
6675.22335425207  1.185475E-15
6675.70654571072  1.183143E-15
6676.18973716938  1.210537E-15
6676.67292862804  1.209195E-15
6677.15612008669  1.214299E-15
6677.63931154535  1.259077E-15
6678.12250300401  1.274321E-15
6678.60569446267  1.277843E-15
6679.08888592132  1.239839E-15
6679.57207737998  1.242936E-15
6680.05526883864  1.183210E-15
6680.53846029729  1.215321E-15
6681.02165175595  1.328577E-15
6681.50484321461  1.233038E-15
6681.98803467327  1.191143E-15
6682.47122613192  1.161685E-15
6682.95441759058  1.260600E-15
6683.43760904924  1.249875E-15
6683.92080050789  1.144331E-15
6684.40399196655  1.208635E-15
6684.88718342521  1.263101E-15
6685.37037488387  1.211288E-15
6685.85356634252  1.212840E-15
6686.33675780118  1.211526E-15
6686.81994925984  1.272836E-15
6687.3031407185  1.282364E-15
6687.78633217715  1.310151E-15
6688.26952363581  1.222718E-15
6688.75271509447  1.136919E-15
6689.23590655312  1.197767E-15
6689.71909801178  1.230122E-15
6690.20228947044  1.211703E-15
6690.6854809291  1.277141E-15
6691.16867238775  1.212284E-15
6691.65186384641  1.161186E-15
6692.13505530507  1.168602E-15
6692.61824676372  1.217274E-15
6693.10143822238  1.160027E-15
6693.58462968104  1.139794E-15
6694.0678211397  1.256896E-15
6694.55101259835  1.201255E-15
6695.03420405701  1.100881E-15
6695.51739551567  1.103468E-15
6696.00058697433  1.164066E-15
6696.48377843298  1.142245E-15
6696.96696989164  1.132105E-15
6697.4501613503  1.146955E-15
6697.93335280895  1.148142E-15
6698.41654426761  1.070845E-15
6698.89973572627  1.063180E-15
6699.38292718493  1.077862E-15
6699.86611864358  1.135005E-15
6700.34931010224  1.124905E-15
6700.8325015609  1.091645E-15
6701.31569301956  1.042954E-15
6701.79888447821  1.091190E-15
6702.28207593687  1.129273E-15
6702.76526739553  1.113229E-15
6703.24845885419  1.149510E-15
6703.73165031284  1.144920E-15
6704.2148417715  1.129728E-15
6704.69803323016  1.109154E-15
6705.18122468881  1.053607E-15
6705.66441614747  1.106291E-15
6706.14760760613  1.038161E-15
6706.63079906479  9.694252E-16
6707.11399052344  1.041058E-15
6707.5971819821  1.097493E-15
6708.08037344076  1.043041E-15
6708.56356489942  1.055213E-15
6709.04675635807  1.106857E-15
6709.52994781673  1.130690E-15
6710.01313927539  1.053739E-15
6710.49633073404  1.091935E-15
6710.9795221927  1.107355E-15
6711.46271365136  1.185726E-15
6711.94590511002  1.158959E-15
6712.42909656867  1.114602E-15
6712.91228802733  1.091292E-15
6713.39547948599  1.092622E-15
6713.87867094464  1.148500E-15
6714.3618624033  1.135574E-15
6714.84505386196  1.100384E-15
6715.32824532062  1.150313E-15
6715.81143677927  1.063177E-15
6716.29462823793  1.078924E-15
6716.77781969659  1.171978E-15
6717.26101115524  1.108349E-15
6717.7442026139  1.112773E-15
6718.22739407256  1.091304E-15
6718.71058553122  1.080719E-15
6719.19377698987  1.140335E-15
6719.67696844853  1.099365E-15
6720.16015990719  1.122473E-15
6720.64335136585  1.081304E-15
6721.1265428245  1.120292E-15
6721.60973428316  1.050263E-15
6722.09292574182  1.222345E-15
6722.57611720047  1.200066E-15
6723.05930865913  1.130970E-15
6723.54250011779  1.050010E-15
6724.02569157645  1.190518E-15
6724.5088830351  1.199956E-15
6724.99207449376  1.111476E-15
6725.47526595242  1.104169E-15
6725.95845741107  1.125847E-15
6726.44164886973  1.141203E-15
6726.92484032839  1.132354E-15
6727.40803178705  1.123007E-15
6727.8912232457  1.177220E-15
6728.37441470436  1.162453E-15
6728.85760616302  1.036546E-15
6729.34079762168  1.032895E-15
6729.82398908033  1.114233E-15
6730.30718053899  1.127715E-15
6730.79037199765  1.118921E-15
6731.2735634563  1.103285E-15
6731.75675491496  1.131375E-15
6732.23994637362  1.105178E-15
6732.72313783228  1.177479E-15
6733.20632929093  1.108031E-15
6733.68952074959  1.085078E-15
6734.17271220825  1.104915E-15
6734.65590366691  1.113143E-15
6735.13909512556  1.154836E-15
6735.62228658422  1.171570E-15
6736.10547804288  1.097346E-15
6736.58866950153  1.063822E-15
6737.07186096019  1.097642E-15
6737.55505241885  1.149679E-15
6738.03824387751  1.075188E-15
6738.52143533616  1.099714E-15
6739.00462679482  1.161971E-15
6739.48781825348  1.147315E-15
6739.97100971213  1.143154E-15
6740.45420117079  1.078343E-15
6740.93739262945  1.082417E-15
6741.42058408811  1.050873E-15
6741.90377554677  1.022856E-15
6742.38696700542  1.153629E-15
6742.87015846408  1.173164E-15
6743.35334992274  1.146744E-15
6743.83654138139  1.124148E-15
6744.31973284005  1.175147E-15
6744.80292429871  1.080178E-15
6745.28611575737  1.024123E-15
6745.76930721602  1.026665E-15
6746.25249867468  1.117907E-15
6746.73569013334  1.047850E-15
6747.21888159199  9.505167E-16
6747.70207305065  1.015840E-15
6748.18526450931  1.071385E-15
6748.66845596797  1.020214E-15
6749.15164742662  1.127213E-15
6749.63483888528  1.026492E-15
6750.11803034394  9.928425E-16
6750.60122180259  1.023331E-15
6751.08441326125  1.043499E-15
6751.56760471991  1.053802E-15
6752.05079617857  1.068212E-15
6752.53398763722  1.043552E-15
6753.01717909588  1.063173E-15
6753.50037055454  1.035074E-15
6753.98356201319  1.031347E-15
6754.46675347185  1.068868E-15
6754.94994493051  1.108604E-15
6755.43313638917  9.725291E-16
6755.91632784782  1.097614E-15
6756.39951930648  1.137912E-15
6756.88271076514  1.104242E-15
6757.36590222379  1.060231E-15
6757.84909368245  1.041661E-15
6758.33228514111  1.079958E-15
6758.81547659977  1.149192E-15
6759.29866805842  1.078889E-15
6759.78185951708  1.112074E-15
6760.26505097574  1.117241E-15
6760.7482424344  1.040271E-15
6761.23143389305  1.106446E-15
6761.71462535171  1.124129E-15
6762.19781681037  1.187729E-15
6762.68100826903  1.126430E-15
6763.16419972768  1.058362E-15
6763.64739118634  1.138584E-15
6764.130582645  1.053913E-15
6764.61377410365  1.069365E-15
6765.09696556231  1.156214E-15
6765.58015702097  1.091295E-15
6766.06334847963  1.080582E-15
6766.54653993828  1.162281E-15
6767.02973139694  1.045940E-15
6767.5129228556  1.065591E-15
6767.99611431426  1.128875E-15
6768.47930577291  1.103951E-15
6768.96249723157  1.049749E-15
6769.44568869023  1.075119E-15
6769.92888014888  1.128757E-15
6770.41207160754  1.158762E-15
6770.8952630662  1.112317E-15
6771.37845452486  1.170144E-15
6771.86164598351  1.133996E-15
6772.34483744217  1.090177E-15
6772.82802890083  1.111369E-15
6773.31122035949  1.094603E-15
6773.79441181814  1.171524E-15
6774.2776032768  1.147436E-15
6774.76079473546  9.866140E-16
6775.24398619411  1.011671E-15
6775.72717765277  1.038483E-15
6776.21036911143  1.075375E-15
6776.69356057009  1.105804E-15
6777.17675202874  1.103853E-15
6777.6599434874  1.079425E-15
6778.14313494606  1.069041E-15
6778.62632640471  1.030360E-15
6779.10951786337  1.069942E-15
6779.59270932203  1.141523E-15
6780.07590078069  1.047562E-15
6780.55909223934  1.075542E-15
6781.042283698  1.121652E-15
6781.52547515666  1.005009E-15
6782.00866661532  9.987562E-16
6782.49185807397  1.045246E-15
6782.97504953263  1.086371E-15
6783.45824099129  1.116624E-15
6783.94143244994  1.093017E-15
6784.4246239086  1.098456E-15
6784.90781536726  1.125735E-15
6785.39100682592  1.104549E-15
6785.87419828457  1.103409E-15
6786.35738974323  1.049726E-15
6786.84058120189  1.128454E-15
6787.32377266054  1.076668E-15
6787.8069641192  1.002002E-15
6788.29015557786  1.079491E-15
6788.77334703652  1.028448E-15
6789.25653849517  1.040169E-15
6789.73972995383  1.139894E-15
6790.22292141249  1.110152E-15
6790.70611287114  1.087465E-15
6791.1893043298  1.095892E-15
6791.67249578846  1.078842E-15
6792.15568724712  1.076771E-15
6792.63887870577  1.099597E-15
6793.12207016443  1.123153E-15
6793.60526162309  1.106435E-15
6794.08845308175  1.131526E-15
6794.5716445404  1.161425E-15
6795.05483599906  1.187866E-15
6795.53802745772  1.106773E-15
6796.02121891638  1.065975E-15
6796.50441037503  1.083418E-15
6796.98760183369  1.138263E-15
6797.47079329235  1.137887E-15
6797.953984751  1.035539E-15
6798.43717620966  1.084541E-15
6798.92036766832  1.162512E-15
6799.40355912698  1.142622E-15
6799.88675058563  1.143597E-15
6800.36994204429  1.140524E-15
6800.85313350295  1.108867E-15
6801.33632496161  1.154206E-15
6801.81951642026  1.052833E-15
6802.30270787892  1.053510E-15
6802.78589933758  1.059661E-15
6803.26909079623  1.052032E-15
6803.75228225489  1.079166E-15
6804.23547371355  1.077575E-15
6804.71866517221  1.086736E-15
6805.20185663086  1.099742E-15
6805.68504808952  1.129977E-15
6806.16823954818  1.092011E-15
6806.65143100683  1.066119E-15
6807.13462246549  1.116242E-15
6807.61781392415  1.128864E-15
6808.10100538281  1.114537E-15
6808.58419684146  1.116393E-15
6809.06738830012  1.079139E-15
6809.55057975878  1.086172E-15
6810.03377121743  1.077219E-15
6810.51696267609  1.082036E-15
6811.00015413475  1.059153E-15
6811.48334559341  1.039465E-15
6811.96653705206  1.020597E-15
6812.44972851072  1.023798E-15
6812.93291996938  1.051657E-15
6813.41611142804  1.063236E-15
6813.89930288669  1.080631E-15
6814.38249434535  1.129768E-15
6814.86568580401  1.104438E-15
6815.34887726266  1.096753E-15
6815.83206872132  1.133731E-15
6816.31526017998  1.062822E-15
6816.79845163864  1.001865E-15
6817.28164309729  1.031095E-15
6817.76483455595  1.011042E-15
6818.24802601461  9.458362E-16
6818.73121747327  8.348029E-16
6819.21440893192  7.748525E-16
6819.69760039058  7.172737E-16
6820.18079184924  6.463563E-16
6820.66398330789  7.205135E-16
6821.14717476655  8.015678E-16
6821.63036622521  8.035624E-16
6822.11355768387  8.091304E-16
6822.59674914252  8.065648E-16
6823.07994060118  8.367757E-16
6823.56313205984  7.977197E-16
6824.04632351849  8.192847E-16
6824.52951497715  7.838078E-16
6825.01270643581  7.741836E-16
6825.49589789447  8.839436E-16
6825.97908935312  8.955491E-16
6826.46228081178  8.546342E-16
6826.94547227044  8.254113E-16
6827.42866372909  8.387250E-16
6827.91185518775  8.677084E-16
6828.39504664641  8.551500E-16
6828.87823810507  8.928483E-16
6829.36142956372  9.387646E-16
6829.84462102238  1.003938E-15
6830.32781248104  9.353395E-16
6830.8110039397  9.830890E-16
6831.29419539835  1.029811E-15
6831.77738685701  1.038485E-15
6832.26057831567  1.117757E-15
6832.74376977433  1.081055E-15
6833.22696123298  1.097584E-15
6833.71015269164  1.044677E-15
6834.1933441503  1.038955E-15
6834.67653560895  1.058796E-15
6835.15972706761  1.017337E-15
6835.64291852627  1.113512E-15
6836.12610998493  1.035708E-15
6836.60930144358  9.965888E-16
6837.09249290224  9.294681E-16
6837.5756843609  9.250355E-16
6838.05887581955  9.342489E-16
6838.54206727821  1.010709E-15
6839.02525873687  1.077520E-15
6839.50845019553  1.043525E-15
6839.99164165418  9.044818E-16
6840.47483311284  9.019046E-16
6840.9580245715  8.726143E-16
6841.44121603016  9.184218E-16
6841.92440748881  1.014486E-15
6842.40759894747  1.072269E-15
6842.89079040613  1.001335E-15
6843.37398186479  8.254772E-16
6843.85717332344  8.582186E-16
6844.3403647821  9.056618E-16
6844.82355624076  1.002326E-15
6845.30674769941  9.672240E-16
6845.78993915807  1.026831E-15
6846.27313061673  1.012851E-15
6846.75632207539  9.732790E-16
6847.23951353404  9.362353E-16
6847.7227049927  8.724261E-16
6848.20589645136  9.239597E-16
6848.68908791001  9.762654E-16
6849.17227936867  1.020620E-15
6849.65547082733  1.008968E-15
6850.13866228599  9.849266E-16
6850.62185374464  9.380139E-16
6851.1050452033  8.845922E-16
6851.58823666196  8.587523E-16
6852.07142812061  9.585911E-16
6852.55461957927  1.070178E-15
6853.03781103793  9.657482E-16
6853.52100249659  1.039052E-15
6854.00419395524  1.071422E-15
6854.4873854139  1.035068E-15
6854.97057687256  9.571067E-16
6855.45376833121  9.781481E-16
6855.93695978987  9.346082E-16
6856.42015124853  9.602249E-16
6856.90334270719  1.039269E-15
6857.38653416584  1.066905E-15
6857.8697256245  1.030246E-15
6858.35291708316  9.931326E-16
6858.83610854182  9.630612E-16
6859.31930000047  9.742728E-16
6859.80249145913  9.663431E-16
6860.28568291779  9.734873E-16
6860.76887437644  1.016710E-15
6861.2520658351  1.039608E-15
6861.73525729376  1.122962E-15
6862.21844875242  1.143487E-15
6862.70164021108  1.098749E-15
6863.18483166973  9.995779E-16
6863.66802312839  1.022865E-15
6864.15121458705  1.023094E-15
6864.6344060457  9.525571E-16
6865.11759750436  9.605290E-16
6865.60078896302  1.039880E-15
6866.08398042168  1.055580E-15
6866.56717188033  1.096049E-15
6867.05036333899  1.087506E-15
6867.53355479765  1.121921E-15
6868.0167462563  1.068857E-15
6868.49993771496  1.061637E-15
6868.98312917362  1.045761E-15
6869.46632063228  9.922956E-16
6869.94951209093  1.104470E-15
6870.43270354959  1.138374E-15
6870.91589500825  1.062534E-15
6871.3990864669  1.055765E-15
6871.88227792556  1.060145E-15
6872.36546938422  1.070981E-15
6872.84866084288  1.074443E-15
6873.33185230153  1.042032E-15
6873.81504376019  1.015158E-15
6874.29823521885  1.035355E-15
6874.78142667751  9.959818E-16
6875.26461813616  1.019748E-15
6875.74780959482  1.065526E-15
6876.23100105348  1.015151E-15
6876.71419251214  1.026735E-15
6877.19738397079  1.171786E-15
6877.68057542945  1.108201E-15
6878.16376688811  1.087094E-15
6878.64695834676  1.054793E-15
6879.13014980542  9.952055E-16
6879.61334126408  9.613282E-16
6880.09653272274  1.069870E-15
6880.57972418139  1.057982E-15
6881.06291564005  9.830728E-16
6881.54610709871  1.002968E-15
6882.02929855736  1.020287E-15
6882.51249001602  1.047522E-15
6882.99568147468  1.010456E-15
6883.47887293334  1.064920E-15
6883.96206439199  1.037221E-15
6884.44525585065  1.006603E-15
6884.92844730931  1.040807E-15
6885.41163876796  9.494296E-16
6885.89483022662  1.015594E-15
6886.37802168528  1.013009E-15
6886.86121314394  1.050103E-15
6887.34440460259  1.032612E-15
6887.82759606125  1.016062E-15
6888.31078751991  1.056317E-15
6888.79397897856  1.084557E-15
6889.27717043722  1.055949E-15
6889.76036189588  1.070838E-15
6890.24355335454  1.043982E-15
6890.72674481319  1.025178E-15
6891.20993627185  1.029944E-15
6891.69312773051  1.024008E-15
6892.17631918917  1.046442E-15
6892.65951064782  1.023163E-15
6893.14270210648  1.038107E-15
6893.62589356514  1.088889E-15
6894.10908502379  1.015043E-15
6894.59227648245  1.096520E-15
6895.07546794111  1.026949E-15
6895.55865939977  1.101311E-15
6896.04185085842  1.053829E-15
6896.52504231708  1.118892E-15
6897.00823377574  1.082790E-15
6897.4914252344  1.075211E-15
6897.97461669305  1.068714E-15
6898.45780815171  1.012727E-15
6898.94099961037  1.152295E-15
6899.42419106903  1.083900E-15
6899.90738252768  1.034782E-15
6900.39057398634  1.026317E-15
6900.873765445  1.018341E-15
6901.35695690365  1.045783E-15
6901.84014836231  9.829875E-16
6902.32333982097  1.075586E-15
6902.80653127963  1.097320E-15
6903.28972273828  1.065265E-15
6903.77291419694  1.110677E-15
6904.2561056556  1.090191E-15
6904.73929711425  1.016425E-15
6905.22248857291  1.035593E-15
6905.70568003157  1.070020E-15
6906.18887149023  9.864637E-16
6906.67206294888  9.982224E-16
6907.15525440754  9.828293E-16
6907.6384458662  1.063068E-15
6908.12163732486  1.118133E-15
6908.60482878351  1.101991E-15
6909.08802024217  1.021388E-15
6909.57121170083  1.066929E-15
6910.05440315948  1.075678E-15
6910.53759461814  1.072616E-15
6911.0207860768  1.036894E-15
6911.50397753546  1.029564E-15
6911.98716899411  1.067095E-15
6912.47036045277  1.121527E-15
6912.95355191143  1.084005E-15
6913.43674337009  1.116203E-15
6913.91993482874  1.083502E-15
6914.4031262874  1.015191E-15
6914.88631774606  1.079913E-15
6915.36950920471  1.112463E-15
6915.85270066337  1.065321E-15
6916.33589212203  9.726936E-16
6916.81908358069  1.033743E-15
6917.30227503934  1.101283E-15
6917.785466498  1.134438E-15
6918.26865795666  1.059115E-15
6918.75184941531  1.031498E-15
6919.23504087397  1.099356E-15
6919.71823233263  1.127103E-15
6920.20142379129  1.141957E-15
6920.68461524994  1.095967E-15
6921.1678067086  1.064526E-15
6921.65099816726  1.018571E-15
6922.13418962592  1.008843E-15
6922.61738108457  1.018345E-15
6923.10057254323  9.594756E-16
6923.58376400189  1.083191E-15
6924.06695546054  1.079172E-15
6924.5501469192  1.102981E-15
6925.03333837786  1.054696E-15
6925.51652983652  1.075535E-15
6925.99972129517  1.129220E-15
6926.48291275383  9.873627E-16
6926.96610421249  1.016794E-15
6927.44929567114  1.117324E-15
6927.9324871298  1.001584E-15
6928.41567858846  1.047258E-15
6928.89887004712  1.070746E-15
6929.38206150578  1.062732E-15
6929.86525296443  1.042917E-15
6930.34844442309  1.041539E-15
6930.83163588175  1.042723E-15
6931.3148273404  1.064615E-15
6931.79801879906  1.041129E-15
6932.28121025772  1.036426E-15
6932.76440171637  1.042159E-15
6933.24759317503  1.048814E-15
6933.73078463369  1.108440E-15
6934.21397609235  1.078465E-15
6934.697167551  1.070477E-15
6935.18035900966  1.064128E-15
6935.66355046832  1.063700E-15
6936.14674192698  1.064781E-15
6936.62993338563  1.142680E-15
6937.11312484429  1.091353E-15
6937.59631630295  1.082756E-15
6938.0795077616  1.062631E-15
6938.56269922026  9.820146E-16
6939.04589067892  1.066798E-15
6939.52908213758  1.052256E-15
6940.01227359623  9.963645E-16
6940.49546505489  1.058148E-15
6940.97865651355  1.014572E-15
6941.4618479722  1.051642E-15
6941.94503943086  1.074834E-15
6942.42823088952  1.061072E-15
6942.91142234818  1.075745E-15
6943.39461380683  1.023210E-15
6943.87780526549  1.029814E-15
6944.36099672415  1.114461E-15
6944.8441881828  1.107482E-15
6945.32737964146  1.135129E-15
6945.81057110012  1.080143E-15
6946.29376255878  1.017580E-15
6946.77695401744  1.072866E-15
6947.26014547609  1.053734E-15
6947.74333693475  1.068836E-15
6948.22652839341  1.134110E-15
6948.70971985206  1.049579E-15
6949.19291131072  1.083677E-15
6949.67610276938  1.111378E-15
6950.15929422804  1.108313E-15
6950.64248568669  1.109533E-15
6951.12567714535  1.093471E-15
6951.60886860401  1.174969E-15
6952.09206006266  1.123452E-15
6952.57525152132  1.077796E-15
6953.05844297998  1.156445E-15
6953.54163443864  1.105566E-15
6954.02482589729  1.101641E-15
6954.50801735595  1.074499E-15
6954.99120881461  1.010780E-15
6955.47440027326  1.081277E-15
6955.95759173192  1.082532E-15
6956.44078319058  1.063655E-15
6956.92397464924  1.045395E-15
6957.40716610789  1.075643E-15
6957.89035756655  1.163542E-15
6958.37354902521  1.088580E-15
6958.85674048386  1.122134E-15
6959.33993194252  1.140000E-15
6959.82312340118  1.074534E-15
6960.30631485984  1.157508E-15
6960.7895063185  1.113900E-15
6961.27269777715  1.018737E-15
6961.75588923581  1.075958E-15
6962.23908069447  1.143626E-15
6962.72227215312  1.123349E-15
6963.20546361178  1.150963E-15
6963.68865507044  1.121239E-15
6964.1718465291  1.099500E-15
6964.65503798775  1.036201E-15
6965.13822944641  1.062718E-15
6965.62142090507  1.024589E-15
6966.10461236372  1.061724E-15
6966.58780382238  1.083614E-15
6967.07099528104  1.098424E-15
6967.5541867397  1.152625E-15
6968.03737819835  1.147104E-15
6968.52056965701  1.092448E-15
6969.00376111567  1.130580E-15
6969.48695257432  1.132081E-15
6969.97014403298  1.026860E-15
6970.45333549164  1.073608E-15
6970.9365269503  1.197748E-15
6971.41971840895  1.199475E-15
6971.90290986761  1.075425E-15
6972.38610132627  1.091303E-15
6972.86929278493  1.206561E-15
6973.35248424358  1.074882E-15
6973.83567570224  1.054830E-15
6974.3188671609  1.131831E-15
6974.80205861956  1.088796E-15
6975.28525007821  1.098033E-15
6975.76844153687  1.162283E-15
6976.25163299553  1.111666E-15
6976.73482445418  1.057141E-15
6977.21801591284  1.119522E-15
6977.7012073715  1.104858E-15
6978.18439883015  1.139407E-15
6978.66759028881  5.738113E-16
6979.15078174747  0.
6979.63397320613  0.
6980.11716466478  0.
6980.60035612344  0.
6981.0835475821  0.
