4500.  0.4351433
4501.98627662658  0.4762322
4503.97255325317  0.494281
4505.95882987976  0.4869719
4507.94510650635  0.4823736
4509.93138313293  0.4835566
4511.91765975952  0.442745
4513.90393638611  0.4406134
4515.89021301269  0.4538774
4517.87648963928  0.4192378
4519.86276626587  0.42127
4521.84904289245  0.4537857
4523.83531951904  0.4719115
4525.82159614563  0.4258594
4527.80787277221  0.4212509
4529.7941493988  0.4271753
4531.78042602539  0.4181698
4533.76670265198  0.4671807
4535.75297927856  0.4480087
4537.73925590515  0.4496603
4539.72553253174  0.4448013
4541.71180915832  0.4256312
4543.69808578491  0.4416693
4545.6843624115  0.443681
4547.67063903808  0.3881797
4549.65691566467  0.4540891
4551.64319229126  0.4775946
4553.62946891784  0.4592407
4555.61574554443  0.4580692
4557.60202217102  0.4579213
4559.58829879761  0.4673651
4561.57457542419  0.4416763
4563.56085205078  0.4546887
4565.54712867737  0.5213895
4567.53340530395  0.4961385
4569.51968193054  0.4904505
4571.50595855713  0.5206342
4573.49223518371  0.5289682
4575.4785118103  0.5326698
4577.46478843689  0.5073753
4579.45106506348  0.4932337
4581.43734169006  0.4769787
4583.42361831665  0.5136384
4585.40989494324  0.5204482
4587.39617156982  0.489228
4589.38244819641  0.4923989
4591.368724823  0.5059594
4593.35500144958  0.5174458
4595.34127807617  0.5284783
4597.32755470276  0.5040928
4599.31383132934  0.4830154
4601.30010795593  0.5115412
4603.28638458252  0.5326388
4605.2726612091  0.5319225
4607.25893783569  0.5083511
4609.24521446228  0.4968837
4611.23149108887  0.5125134
4613.21776771545  0.5412055
4615.20404434204  0.5089099
4617.19032096863  0.4957471
4619.17659759521  0.5142629
4621.1628742218  0.5518233
4623.14915084839  0.5464242
4625.13542747497  0.5053038
4627.12170410156  0.5238894
4629.10798072815  0.5287292
4631.09425735473  0.5003598
4633.08053398132  0.5009016
4635.06681060791  0.507352
4637.0530872345  0.510347
4639.03936386108  0.5200238
4641.02564048767  0.5068293
4643.01191711426  0.526261
4644.99819374084  0.5325298
4646.98447036743  0.5398136
4648.97074699402  0.5263241
4650.9570236206  0.5098011
4652.94330024719  0.4899107
4654.92957687378  0.4777133
4656.91585350036  0.469663
4658.90213012695  0.493366
4660.88840675354  0.4814889
4662.87468338013  0.4965095
4664.86096000671  0.5099229
4666.8472366333  0.4716299
4668.83351325989  0.454229
4670.81978988647  0.4634371
4672.80606651306  0.4781039
4674.79234313965  0.4621008
4676.77861976623  0.480311
4678.76489639282  0.4919644
4680.75117301941  0.4647627
4682.73744964599  0.4663787
4684.72372627258  0.4728871
4686.71000289917  0.4720143
4688.69627952576  0.4586463
4690.68255615234  0.4542971
4692.66883277893  0.4613387
4694.65510940552  0.434317
4696.6413860321  0.4412701
4698.62766265869  0.4334944
4700.61393928528  0.4623891
4702.60021591186  0.4670812
4704.58649253845  0.4730597
4706.57276916504  0.4421238
4708.55904579162  0.4398767
4710.54532241821  0.4765967
4712.5315990448  0.4431893
4714.51787567139  0.4390434
4716.50415229797  0.4358729
4718.49042892456  0.4593317
4720.47670555115  0.4706655
4722.46298217773  0.4516063
4724.44925880432  0.4598473
4726.43553543091  0.4624938
4728.42181205749  0.4654422
4730.40808868408  0.4524379
4732.39436531067  0.4365203
4734.38064193725  0.4301178
4736.36691856384  0.44489
4738.35319519043  0.4408612
4740.33947181701  0.4797496
4742.3257484436  0.4820528
4744.31202507019  0.4509958
4746.29830169677  0.4805083
4748.28457832336  0.4697149
4750.27085494995  0.4670352
4752.25713157654  0.4923655
4754.24340820312  0.4879637
4756.22968482971  0.4924222
4758.2159614563  0.451163
4760.20223808288  0.4421351
4762.18851470947  0.4518661
4764.17479133606  0.4631951
4766.16106796265  0.491215
4768.14734458923  0.499644
4770.13362121582  0.5094967
4772.11989784241  0.5273539
4774.10617446899  0.5090597
4776.09245109558  0.4964602
4778.07872772217  0.5358282
4780.06500434875  0.5354792
4782.05128097534  0.5255762
4784.03755760193  0.5305303
4786.02383422851  0.5383726
4788.0101108551  0.5129843
4789.99638748169  0.5218391
4791.98266410827  0.5409058
4793.96894073486  0.5434705
4795.95521736145  0.5415629
4797.94149398804  0.5758602
4799.92777061462  0.5794538
4801.91404724121  0.5463924
4803.9003238678  0.5612792
4805.88660049438  0.6104584
4807.87287712097  0.6524189
4809.85915374756  0.6569898
4811.84543037414  0.6869558
4813.83170700073  0.7203647
4815.81798362732  0.7504767
4817.8042602539  0.7659964
4819.79053688049  0.7416844
4821.77681350708  0.7859386
4823.76309013367  0.8614573
4825.74936676025  0.9213914
4827.73564338684  0.9515028
4829.72192001343  0.97545
4831.70819664001  1.014585
4833.6944732666  1.034237
4835.68074989319  1.085792
4837.66702651977  1.132254
4839.65330314636  1.183388
4841.63957977295  1.204436
4843.62585639953  1.236666
4845.61213302612  1.211389
4847.59840965271  1.282821
4849.58468627929  1.377339
4851.57096290588  1.351936
4853.55723953247  1.311692
4855.54351615906  1.352988
4857.52979278564  1.293973
4859.51606941223  1.215103
4861.50234603882  1.23601
4863.4886226654  1.266476
4865.47489929199  1.299125
4867.46117591858  1.286528
4869.44745254516  1.183963
4871.43372917175  1.075473
4873.42000579834  1.004018
4875.40628242492  0.9571031
4877.39255905151  0.931663
4879.3788356781  0.9158826
4881.36511230469  0.8596488
4883.35138893127  0.8291778
4885.33766555786  0.8129922
4887.32394218445  0.8163741
4889.31021881103  0.7905428
4891.29649543762  0.7500039
4893.28277206421  0.7097996
4895.26904869079  0.7038921
4897.25532531738  0.7081487
4899.24160194397  0.6914186
4901.22787857055  0.672534
4903.21415519714  0.6937079
4905.20043182373  0.677405
4907.18670845032  0.6521227
4909.1729850769  0.6178697
4911.15926170349  0.6512532
4913.14553833008  0.6556328
4915.13181495666  0.6284326
4917.11809158325  0.6542643
4919.10436820984  0.6359745
4921.09064483642  0.5769143
4923.07692146301  0.632213
4925.0631980896  0.6732052
4927.04947471619  0.6461379
4929.03575134277  0.6354077
4931.02202796936  0.6393452
4933.00830459595  0.6036263
4934.99458122253  0.5873423
4936.98085784912  0.579513
4938.96713447571  0.5549628
4940.95341110229  0.5519385
4942.93968772888  0.5351918
4944.92596435547  0.5236375
4946.91224098205  0.5282553
4948.89851760864  0.5384743
4950.88479423523  0.5244218
4952.87107086181  0.5085818
4954.8573474884  0.5176613
4956.84362411499  0.5013838
4958.82990074158  0.4978129
4960.81617736816  0.4922488
4962.80245399475  0.4752865
4964.78873062134  0.4950313
4966.77500724792  0.4976033
4968.76128387451  0.4920597
4970.7475605011  0.488886
4972.73383712768  0.5201688
4974.72011375427  0.5257441
4976.70639038086  0.525824
4978.69266700744  0.522331
4980.67894363403  0.509101
4982.66522026062  0.540185
4984.65149688721  0.5559042
4986.63777351379  0.5706085
4988.62405014038  0.5581488
4990.61032676697  0.5700767
4992.59660339355  0.5998825
4994.58288002014  0.5996377
4996.56915664673  0.614521
4998.55543327331  0.631408
5000.5417098999  0.6507421
5002.52798652649  0.6577356
5004.51426315308  0.6577821
5006.50053977966  0.6749299
5008.48681640625  0.6677449
5010.47309303284  0.6352509
5012.45936965942  0.6203579
5014.44564628601  0.6129695
5016.4319229126  0.623693
5018.41819953918  0.6926203
5020.40447616577  0.7326227
5022.39075279236  0.7364998
5024.37702941894  0.7257134
5026.36330604553  0.712593
5028.34958267212  0.6810332
5030.33585929871  0.6862518
5032.32213592529  0.698283
5034.30841255188  0.6794761
5036.29468917847  0.6801848
5038.28096580505  0.6749653
5040.26724243164  0.6791663
5042.25351905823  0.6550963
5044.23979568481  0.6430261
5046.2260723114  0.6432557
5048.21234893799  0.6554912
5050.19862556457  0.6123952
5052.18490219116  0.5798756
5054.17117881775  0.584561
5056.15745544433  0.57175
5058.14373207092  0.5667849
5060.13000869751  0.5198869
5062.11628532409  0.5367817
5064.10256195068  0.5625477
5066.08883857727  0.5560771
5068.07511520386  0.5402501
5070.06139183044  0.5136932
5072.04766845703  0.5182461
5074.03394508362  0.5073873
5076.0202217102  0.5124026
5078.00649833679  0.5150204
5079.99277496338  0.5322784
5081.97905158997  0.5367076
5083.96532821655  0.529996
5085.95160484314  0.5215743
5087.93788146973  0.5370351
5089.92415809631  0.5430576
5091.9104347229  0.5431568
5093.89671134949  0.5522144
5095.88298797607  0.5636853
5097.86926460266  0.5576078
5099.85554122925  0.5700874
5101.84181785583  0.5832886
5103.82809448242  0.5822184
5105.81437110901  0.6030827
5107.80064773559  0.6039548
5109.78692436218  0.6021615
5111.77320098877  0.5899396
5113.75947761536  0.5968064
5115.74575424194  0.5805241
5117.73203086853  0.6206762
5119.71830749512  0.6022326
5121.7045841217  0.5711625
5123.69086074829  0.6042243
5125.67713737488  0.6062812
5127.66341400146  0.5944121
5129.64969062805  0.609659
5131.63596725464  0.6148399
5133.62224388122  0.6172844
5135.60852050781  0.6378707
5137.5947971344  0.6505576
5139.58107376098  0.6458115
5141.56735038757  0.6288778
5143.55362701416  0.6313512
5145.53990364075  0.6404863
5147.52618026733  0.6469539
5149.51245689392  0.6491855
5151.49873352051  0.6247537
5153.48501014709  0.6467044
5155.47128677368  0.7005569
5157.45756340027  0.7046468
5159.44384002686  0.6875255
5161.43011665344  0.6738173
5163.41639328003  0.6545295
5165.40266990661  0.6256139
5167.3889465332  0.61516
5169.37522315979  0.6887614
5171.36149978638  0.7431154
5173.34777641296  0.7753559
5175.33405303955  0.7849952
5177.32032966614  0.7527139
5179.30660629272  0.7159914
5181.29288291931  0.6940098
5183.2791595459  0.6661274
5185.26543617248  0.6607294
5187.25171279907  0.6920666
5189.23798942566  0.7208797
5191.22426605224  0.7132768
5193.21054267883  0.697796
5195.19681930542  0.7227746
5197.18309593201  0.7308229
5199.16937255859  0.7568725
5201.15564918518  0.7827302
5203.14192581177  0.7699795
5205.12820243835  0.7575971
5207.11447906494  0.7474731
5209.10075569153  0.7092069
5211.08703231811  0.7280771
5213.0733089447  0.7442331
5215.05958557129  0.7535931
5217.04586219787  0.751068
5219.03213882446  0.7458824
5221.01841545105  0.750494
5223.00469207764  0.7141957
5224.99096870422  0.7101665
5226.97724533081  0.750716
5228.9635219574  0.7580525
5230.94979858398  0.7513107
5232.93607521057  0.7603598
5234.92235183716  0.7606152
5236.90862846374  0.7763814
5238.89490509033  0.7989057
5240.88118171692  0.7928922
5242.8674583435  0.7842779
5244.85373497009  0.7993844
5246.84001159668  0.7622755
5248.82628822327  0.7964583
5250.81256484985  0.8022012
5252.79884147644  0.7893549
5254.78511810303  0.7927981
5256.77139472961  0.7953539
5258.7576713562  0.7970099
5260.74394798279  0.769271
5262.73022460937  0.7563487
5264.71650123596  0.7429341
5266.70277786255  0.7645143
5268.68905448913  0.7937192
5270.67533111572  0.7872107
5272.66160774231  0.7756813
5274.6478843689  0.7626587
5276.63416099548  0.7724385
5278.62043762207  0.7627803
5280.60671424865  0.7861907
5282.59299087524  0.7811838
5284.57926750183  0.7838972
5286.56554412842  0.7816874
5288.551820755  0.7723373
5290.53809738159  0.7782385
5292.52437400818  0.785246
5294.51065063476  0.7907106
5296.49692726135  0.7858143
5298.48320388794  0.7902118
5300.46948051452  0.7949329
5302.45575714111  0.7780852
5304.4420337677  0.7644081
5306.42831039429  0.8037708
5308.41458702087  0.7941615
5310.40086364746  0.8037769
5312.38714027405  0.7613549
5314.37341690063  0.7605914
5316.35969352722  0.7663389
5318.34597015381  0.7908546
5320.33224678039  0.8294057
5322.31852340698  0.8157685
5324.30480003357  0.7524464
5326.29107666015  0.7330818
5328.27735328674  0.7782568
5330.26362991333  0.7784885
5332.24990653991  0.7417218
5334.2361831665  0.6997796
5336.22245979309  0.7126884
5338.20873641968  0.7538813
5340.19501304626  0.7733145
5342.18128967285  0.7411745
5344.16756629944  0.749965
5346.15384292602  0.7516348
5348.14011955261  0.7354918
5350.1263961792  0.7195742
5352.11267280578  0.7128469
5354.09894943237  0.7376829
5356.08522605896  0.7360293
5358.07150268554  0.7469412
5360.05777931213  0.7420671
5362.04405593872  0.7248963
5364.03033256531  0.7218092
5366.01660919189  0.7389365
5368.00288581848  0.7458264
5369.98916244507  0.7361044
5371.97543907165  0.7250722
5373.96171569824  0.7320477
5375.94799232483  0.760679
5377.93426895142  0.7695482
5379.920545578  0.745586
5381.90682220459  0.7338133
5383.89309883118  0.7486971
5385.87937545776  0.7647929
5387.86565208435  0.7699837
5389.85192871093  0.7695528
5391.83820533752  0.7654136
5393.82448196411  0.7552478
5395.8107585907  0.7510015
5397.79703521728  0.7574448
5399.78331184387  0.7608562
5401.76958847046  0.753318
5403.75586509704  0.7425712
5405.74214172363  0.7411882
5407.72841835022  0.7436236
5409.7146949768  0.7486431
5411.70097160339  0.761568
5413.68724822998  0.7731513
5415.67352485657  0.7716877
5417.65980148315  0.7665898
5419.64607810974  0.7732878
5421.63235473633  0.7856296
5423.61863136291  0.7843964
5425.6049079895  0.7721988
5427.59118461609  0.7523639
5429.57746124267  0.7077387
5431.56373786926  0.6653874
5433.55001449585  0.6586702
5435.53629112243  0.6782815
5437.52256774902  0.6889868
5439.50884437561  0.6926205
5441.4951210022  0.6937351
5443.48139762878  0.6905875
5445.46767425537  0.6865455
5447.45395088196  0.6809759
5449.44022750854  0.6762335
5451.42650413513  0.6795855
5453.41278076172  0.6938224
5455.3990573883  0.6929201
5457.38533401489  0.6658876
5459.37161064148  0.6463784
5461.35788726806  0.6469281
5463.34416389465  0.6545075
5465.33044052124  0.6571612
5467.31671714783  0.6594272
5469.30299377441  0.6597474
5471.289270401  0.6546315
5473.27554702759  0.6513486
5475.26182365417  0.6564003
5477.24810028076  0.6616023
5479.23437690735  0.6590253
5481.22065353393  0.6553032
5483.20693016052  0.6598608
5485.19320678711  0.6732666
5487.17948341369  0.6839601
5489.16576004028  0.6936951
5491.15203666687  0.70325
5493.13831329346  0.7102066
5495.12458992004  0.7168108
5497.11086654663  0.7255725
5499.09714317322  0.7400038
5501.0834197998  0.7409983
5503.06969642639  0.7186685
5505.05597305298  0.699948
5507.04224967956  0.6962547
5509.02852630615  0.6980418
5511.01480293274  0.7011287
5513.00107955932  0.7107776
5514.98735618591  0.7132171
5516.9736328125  0.7033292
5518.95990943908  0.6957664
5520.94618606567  0.6945027
5522.93246269226  0.6976799
5524.91873931885  0.7036596
5526.90501594543  0.7110757
5528.89129257202  0.7153596
5530.87756919861  0.7187964
5532.86384582519  0.7163197
5534.85012245178  0.7064247
5536.83639907837  0.6917403
5538.82267570495  0.6706544
5540.80895233154  0.6443855
5542.79522895813  0.6233742
5544.78150558471  0.6094399
5546.7677822113  0.5939338
5548.75405883789  0.5717587
5550.74033546448  0.5521279
5552.72661209106  0.5481145
5554.71288871765  0.5550095
5556.69916534424  0.5543228
5558.68544197082  0.5485005
5560.67171859741  0.5406936
5562.657995224  0.5263714
5564.64427185058  0.51402
5566.63054847717  0.510896
5568.61682510376  0.5135167
5570.60310173034  0.5151265
5572.58937835693  0.5162447
5574.57565498352  0.5179411
5576.56193161011  0.5193449
5578.54820823669  0.5223251
5580.53448486328  0.5310065
5582.52076148987  0.5391508
5584.50703811645  0.5353538
5586.49331474304  0.5191301
5588.47959136963  0.505477
5590.46586799621  0.4918596
5592.4521446228  0.4836326
5594.43842124939  0.4836564
5596.42469787597  0.4871005
5598.41097450256  0.4903236
5600.39725112915  0.4951661
5602.38352775574  0.5013441
5604.36980438232  0.5097474
5606.35608100891  0.5130652
5608.3423576355  0.5089732
5610.32863426208  0.5048025
5612.31491088867  0.5041058
5614.30118751526  0.5052474
5616.28746414184  0.5031781
5618.27374076843  0.4940085
5620.26001739502  0.4937185
5622.24629402161  0.5064738
5624.23257064819  0.51994
5626.21884727478  0.5322038
5628.20512390136  0.5434501
5630.19140052795  0.544948
5632.17767715454  0.5331459
5634.16395378112  0.5287541
5636.15023040771  0.5305599
5638.1365070343  0.5393043
5640.12278366089  0.5603365
5642.10906028747  0.5833083
5644.09533691406  0.5962675
5646.08161354065  0.5997579
5648.06789016723  0.6014212
5650.05416679382  0.6020031
5652.04044342041  0.6006435
5654.02672004699  0.593414
5656.01299667358  0.5851783
5657.99927330017  0.5836548
5659.98554992676  0.584662
5661.97182655334  0.5811952
5663.95810317993  0.5761138
5665.94437980652  0.5697688
5667.9306564331  0.5597696
5669.91693305969  0.5486199
5671.90320968628  0.5383323
5673.88948631286  0.5288278
5675.87576293945  0.5247735
5677.86203956604  0.5283874
5679.84831619262  0.531994
5681.83459281921  0.5377178
5683.8208694458  0.5405256
5685.80714607239  0.5368772
5687.79342269897  0.5283484
5689.77969932556  0.5219516
5691.76597595215  0.5192692
5693.75225257873  0.513382
5695.73852920532  0.5014479
5697.72480583191  0.4949585
5699.71108245849  0.4945851
5701.69735908508  0.4917449
5703.68363571167  0.4899853
5705.66991233825  0.493972
5707.65618896484  0.4938717
5709.64246559143  0.4876048
5711.62874221802  0.4814996
5713.6150188446  0.4744236
5715.60129547119  0.4697692
5717.58757209778  0.4761124
5719.57384872436  0.4883336
5721.56012535095  0.4830904
5723.54640197754  0.4557323
5725.53267860412  0.4389893
5727.51895523071  0.4330496
5729.5052318573  0.4344007
5731.49150848388  0.4467176
5733.47778511047  0.4601073
5735.46406173706  0.4645538
5737.45033836364  0.4627885
5739.43661499023  0.4672165
5741.42289161682  0.481206
5743.40916824341  0.4907223
5745.39544486999  0.4932647
5747.38172149658  0.4928733
5749.36799812317  0.4883491
5751.35427474975  0.4814413
5753.34055137634  0.4784614
5755.32682800293  0.4835404
5757.31310462951  0.476052
5759.2993812561  0.4460801
5761.28565788269  0.4224083
5763.27193450928  0.4283538
5765.25821113586  0.4550688
5767.24448776245  0.4661418
5769.23076438904  0.4584366
5771.21704101562  0.4570615
5773.20331764221  0.4666019
5775.1895942688  0.4745292
5777.17587089538  0.4752541
5779.16214752197  0.4733345
5781.14842414856  0.4722303
5783.13470077514  0.4691025
5785.12097740173  0.4678981
5787.10725402832  0.4708778
5789.0935306549  0.4730425
5791.07980728149  0.4687983
5793.06608390808  0.4628626
5795.05236053467  0.4637564
5797.03863716125  0.4696042
5799.02491378784  0.4763179
5801.01119041443  0.486024
5802.99746704101  0.4931783
5804.9837436676  0.498063
5806.97002029419  0.504922
5808.95629692077  0.5088441
5810.94257354736  0.5112351
5812.92885017395  0.5185309
5814.91512680054  0.5316045
5816.90140342712  0.5393506
5818.88768005371  0.5434678
5820.8739566803  0.5444072
5822.86023330688  0.5385426
5824.84650993347  0.5305845
5826.83278656006  0.5332337
5828.81906318664  0.5491728
5830.80533981323  0.5639779
5832.79161643982  0.5776159
5834.7778930664  0.5890274
5836.76416969299  0.5976756
5838.75044631958  0.6060009
5840.73672294617  0.6197312
5842.72299957275  0.6412265
5844.70927619934  0.6624637
5846.69555282593  0.6891432
5848.68182945251  0.7044663
5850.6681060791  0.7004024
5852.65438270569  0.691656
5854.64065933227  0.692755
5856.62693595886  0.7017798
5858.61321258545  0.7118071
5860.59948921203  0.7252331
5862.58576583862  0.7355444
5864.57204246521  0.7416781
5866.55831909179  0.7480309
5868.54459571838  0.7530468
5870.53087234497  0.7562618
5872.51714897156  0.7643064
5874.50342559814  0.782971
5876.48970222473  0.7866991
5878.47597885132  0.7750629
5880.4622554779  0.7489585
5882.44853210449  0.7001576
5884.43480873108  0.6399332
5886.42108535766  0.5975204
5888.40736198425  0.5621162
5890.39363861084  0.5628582
5892.37991523742  0.6140741
5894.36619186401  0.6753283
5896.3524684906  0.738704
5898.33874511719  0.7998073
5900.32502174377  0.8407474
5902.31129837036  0.8613138
5904.29757499695  0.8722456
5906.28385162353  0.8725418
5908.27012825012  0.8641083
5910.25640487671  0.8403243
5912.24268150329  0.8124596
5914.22895812988  0.7976357
5916.21523475647  0.7938952
5918.20151138306  0.7784089
5920.18778800964  0.7450074
5922.17406463623  0.7193848
5924.16034126282  0.7067049
5926.1466178894  0.7011683
5928.13289451599  0.6987209
5930.11917114258  0.6975493
5932.10544776916  0.6959682
5934.09172439575  0.6977037
5936.07800102234  0.6933743
5938.06427764892  0.6777025
5940.05055427551  0.6623021
5942.0368309021  0.653916
5944.02310752868  0.6500618
5946.00938415527  0.6501104
5947.99566078186  0.6577459
5949.98193740845  0.659449
5951.96821403503  0.6540758
5953.95449066162  0.6469768
5955.9407672882  0.6375402
5957.92704391479  0.6254905
5959.91332054138  0.6167415
5961.89959716797  0.6133165
5963.88587379455  0.6103628
5965.87215042114  0.6079762
5967.85842704773  0.6065191
5969.84470367431  0.6048269
5971.8309803009  0.6028332
5973.81725692749  0.6033929
5975.80353355407  0.605454
5977.78981018066  0.6080085
5979.77608680725  0.6105981
5981.76236343384  0.616046
5983.74864006042  0.6255303
5985.73491668701  0.6364023
5987.7211933136  0.6476374
5989.70746994018  0.6594193
5991.69374656677  0.6633048
5993.68002319336  0.6583265
5995.66629981994  0.6465045
5997.65257644653  0.6224446
5999.63885307312  0.6022281
6001.6251296997  0.5921611
6003.61140632629  0.5877146
6005.59768295288  0.5881464
6007.58395957947  0.5974824
6009.57023620605  0.6024378
6011.55651283264  0.6032441
6013.54278945923  0.6001137
6015.52906608581  0.5919838
6017.5153427124  0.5846146
6019.50161933899  0.5839056
6021.48789596557  0.588538
6023.47417259216  0.5900003
6025.46044921875  0.5884092
6027.44672584534  0.5866002
6029.43300247192  0.5839455
6031.41927909851  0.58144
6033.40555572509  0.578931
6035.39183235168  0.575551
6037.37810897827  0.5767925
6039.36438560486  0.5836923
6041.35066223144  0.5888144
6043.33693885803  0.5914277
6045.32321548462  0.5958444
6047.3094921112  0.6014049
6049.29576873779  0.6073312
6051.28204536438  0.6116136
6053.26832199096  0.6144142
6055.25459861755  0.6129963
6057.24087524414  0.6035916
6059.22715187073  0.5972559
6061.21342849731  0.6007193
6063.1997051239  0.6078036
6065.18598175049  0.6093689
6067.17225837707  0.6075418
6069.15853500366  0.6113117
6071.14481163025  0.6230538
6073.13108825683  0.631047
6075.11736488342  0.6357401
6077.10364151001  0.6385927
6079.08991813659  0.6369416
6081.07619476318  0.6327591
6083.06247138977  0.631049
6085.04874801635  0.6307123
6087.03502464294  0.6292512
6089.02130126953  0.6275467
6091.00757789612  0.6290851
6092.9938545227  0.6334923
6094.98013114929  0.6411675
6096.96640777588  0.6527596
6098.95268440246  0.6721667
6100.93896102905  0.6807444
6102.92523765564  0.671441
6104.91151428222  0.6648711
6106.89779090881  0.6695758
6108.8840675354  0.6809837
6110.87034416199  0.6956567
6112.85662078857  0.7153515
6114.84289741516  0.7254587
6116.82917404175  0.7248074
6118.81545066833  0.7207343
6120.80172729492  0.7099874
6122.78800392151  0.7012858
6124.77428054809  0.7062614
6126.76055717468  0.7211015
6128.74683380127  0.7255614
6130.73311042785  0.7162649
6132.71938705444  0.7116694
6134.70566368103  0.7146778
6136.69194030762  0.722425
6138.6782169342  0.7306776
6140.66449356079  0.7381629
6142.65077018738  0.7371534
6144.63704681396  0.7242391
6146.62332344055  0.7130088
6148.60960006714  0.7051471
6150.59587669372  0.7002095
6152.58215332031  0.6963814
6154.5684299469  0.6917736
6156.55470657348  0.6880038
6158.54098320007  0.6873022
6160.52725982666  0.6829103
6162.51353645325  0.671086
6164.49981307983  0.6625071
6166.48608970642  0.6629285
6168.47236633301  0.6666619
6170.45864295959  0.6654948
6172.44491958618  0.6578777
6174.43119621277  0.6544138
6176.41747283935  0.6547384
6178.40374946594  0.6591002
6180.39002609253  0.6678848
6182.37630271911  0.6755406
6184.3625793457  0.676111
6186.34885597229  0.6708509
6188.33513259887  0.673906
6190.32140922546  0.6879097
6192.30768585205  0.6994929
6194.29396247863  0.7064151
6196.28023910522  0.710912
6198.26651573181  0.7166156
6200.2527923584  0.7239993
6202.23906898498  0.730206
6204.22534561157  0.7340901
6206.21162223816  0.7415852
6208.19789886474  0.7549098
6210.18417549133  0.7677466
6212.17045211792  0.7781547
6214.15672874451  0.7847646
6216.14300537109  0.7815669
6218.12928199768  0.764636
6220.11555862427  0.7642713
6222.10183525085  0.788067
6224.08811187744  0.8063317
6226.07438850403  0.8112302
6228.06066513061  0.8110812
6230.0469417572  0.8156496
6232.03321838379  0.826864
6234.01949501037  0.8267937
6236.00577163696  0.8098115
6237.99204826355  0.7981631
6239.97832489013  0.7967752
6241.96460151672  0.794082
6243.95087814331  0.7865388
6245.9371547699  0.7784806
6247.92343139648  0.771596
6249.90970802307  0.7646976
6251.89598464966  0.7593718
6253.88226127624  0.7572788
6255.86853790283  0.7543541
6257.85481452942  0.7484928
6259.841091156  0.7398562
6261.82736778259  0.7335309
6263.81364440918  0.7321523
6265.79992103576  0.7296606
6267.78619766235  0.7258753
6269.77247428894  0.7187387
6271.75875091553  0.7065517
6273.74502754211  0.6940755
6275.7313041687  0.6918302
6277.71758079529  0.7032216
6279.70385742187  0.7041538
6281.69013404846  0.6902339
6283.67641067505  0.6785146
6285.66268730163  0.6761856
6287.64896392822  0.6810705
6289.63524055481  0.6866489
6291.62151718139  0.6920748
6293.60779380798  0.6948812
6295.59407043457  0.694552
6297.58034706116  0.6953811
6299.56662368774  0.6975218
6301.55290031433  0.6967748
6303.53917694091  0.6934066
6305.5254535675  0.6885934
6307.51173019409  0.6858586
6309.49800682068  0.6869079
6311.48428344726  0.6894169
6313.47056007385  0.6930034
6315.45683670044  0.6923937
6317.44311332702  0.6886966
6319.42938995361  0.6833481
6321.4156665802  0.6784493
6323.40194320678  0.6727991
6325.38821983337  0.6756693
6327.37449645996  0.6913641
6329.36077308654  0.7050978
6331.34704971313  0.7124981
6333.33332633972  0.7151962
6335.31960296631  0.7138388
6337.30587959289  0.7077368
6339.29215621948  0.7026318
6341.27843284607  0.6968119
6343.26470947265  0.694505
6345.25098609924  0.6951909
6347.23726272583  0.698908
6349.22353935241  0.7089724
6351.209815979  0.7255137
6353.19609260559  0.7374483
6355.18236923218  0.7451217
6357.16864585876  0.7500219
6359.15492248535  0.7525551
6361.14119911194  0.7533284
6363.12747573852  0.7525036
6365.11375236511  0.750546
6367.1000289917  0.7481812
6369.08630561828  0.7446586
6371.07258224487  0.743674
6373.05885887146  0.7456605
6375.04513549804  0.7489739
6377.03141212463  0.752093
6379.01768875122  0.755583
6381.0039653778  0.7620954
6382.99024200439  0.771265
6384.97651863098  0.7770954
6386.96279525757  0.7787133
6388.94907188415  0.7817156
6390.93534851074  0.7849525
6392.92162513733  0.7887684
6394.90790176391  0.7968977
6396.8941783905  0.8075864
6398.88045501709  0.8190864
6400.86673164367  0.8359125
6402.85300827026  0.84629
6404.83928489685  0.8424646
6406.82556152343  0.8353911
6408.81183815002  0.8355102
6410.79811477661  0.8393152
6412.7843914032  0.8477666
6414.77066802978  0.8646714
6416.75694465637  0.8794836
6418.74322128296  0.8885499
6420.72949790954  0.8980359
6422.71577453613  0.9119773
6424.70205116272  0.9253731
6426.6883277893  0.9344969
6428.67460441589  0.9409602
6430.66088104248  0.9471269
6432.64715766906  0.9519852
6434.63343429565  0.9568509
6436.61971092224  0.9611016
6438.60598754883  0.9640434
6440.59226417541  0.9716478
6442.578540802  0.9866894
6444.56481742859  1.002829
6446.55109405517  1.021857
6448.53737068176  1.038248
6450.52364730835  1.050876
6452.50992393493  1.06253
6454.49620056152  1.075501
6456.48247718811  1.089932
6458.4687538147  1.10425
6460.45503044128  1.11874
6462.44130706787  1.132479
6464.42758369445  1.143238
6466.41386032104  1.157075
6468.40013694763  1.179997
6470.38641357422  1.208837
6472.3726902008  1.234139
6474.35896682739  1.256624
6476.34524345398  1.277974
6478.33152008056  1.291442
6480.31779670715  1.316075
6482.30407333374  1.362786
6484.29034996032  1.425143
6486.27662658691  1.490734
6488.2629032135  1.557141
6490.24917984008  1.642276
6492.23545646667  1.74974
6494.22173309326  1.86624
6496.20800971985  1.984995
6498.19428634643  2.110128
6500.18056297302  2.251143
6502.16683959961  2.408746
6504.15311622619  2.563623
6506.13939285278  2.725
6508.12566947937  2.868906
6510.11194610596  2.980024
6512.09822273254  3.094642
6514.08449935913  3.241969
6516.07077598572  3.411476
6518.0570526123  3.576504
6520.04332923889  3.741828
6522.02960586548  3.902162
6524.01588249206  4.05528
6526.00215911865  4.208205
6527.98843574523  4.364271
6529.97471237182  4.52354
6531.96098899841  4.676452
6533.947265625  4.820563
6535.93354225158  4.958276
6537.91981887817  5.084474
6539.90609550476  5.220855
6541.89237213135  5.377558
6543.87864875793  5.535972
6545.86492538452  5.673531
6547.8512020111  5.803074
6549.83747863769  5.869043
6551.82375526428  5.858602
6553.81003189086  5.823802
6555.79630851745  5.752707
6557.78258514404  5.704862
6559.76886177063  5.760383
6561.75513839721  5.901711
6563.7414150238  5.943671
6565.72769165039  5.900486
6567.71396827697  5.798853
6569.70024490356  5.62419
6571.68652153015  5.415257
6573.67279815673  5.188931
6575.65907478332  4.941037
6577.64535140991  4.719466
6579.6316280365  4.523643
6581.61790466308  4.330377
6583.60418128967  4.142657
6585.59045791626  3.958607
6587.57673454284  3.769716
6589.56301116943  3.578337
6591.54928779602  3.402713
6593.5355644226  3.24535
6595.52184104919  3.0847
6597.50811767578  2.909319
6599.49439430237  2.757731
6601.48067092895  2.646883
6603.46694755554  2.558408
6605.45322418213  2.470081
6607.43950080871  2.388136
6609.4257774353  2.294529
6611.41205406189  2.181474
6613.39833068847  2.078588
6615.38460731506  1.992274
6617.37088394165  1.916234
6619.35716056823  1.847075
6621.34343719482  1.78259
6623.32971382141  1.720525
6625.31599044799  1.661955
6627.30226707458  1.608837
6629.28854370117  1.558364
6631.27482032776  1.509892
6633.26109695434  1.468444
6635.24737358093  1.433604
6637.23365020752  1.394112
6639.2199268341  1.348612
6641.20620346069  1.31227
6643.19248008728  1.287624
6645.17875671386  1.262249
6647.16503334045  1.23337
6649.15130996704  1.207443
6651.13758659363  1.190526
6653.12386322021  1.18238
6655.1101398468  1.170859
6657.09641647339  1.156688
6659.08269309997  1.141573
6661.06896972656  1.124198
6663.05524635315  1.108401
6665.04152297973  1.098762
6667.02779960632  1.09363
6669.01407623291  1.08596
6671.00035285949  1.076335
6672.98662948608  1.066967
6674.97290611267  1.057177
6676.95918273925  1.044929
6678.94545936584  1.028938
6680.93173599243  1.009166
6682.91801261902  0.992717
6684.9042892456  0.9822047
6686.89056587219  0.9675037
6688.87684249878  0.9441046
6690.86311912536  0.9194174
6692.84939575195  0.9013807
6694.83567237854  0.8875272
6696.82194900512  0.8697923
6698.80822563171  0.846518
6700.7945022583  0.8317586
6702.78077888488  0.8277851
6704.76705551147  0.8247964
6706.75333213806  0.8224377
6708.73960876465  0.8199286
6710.72588539123  0.8096803
6712.71216201782  0.7917926
6714.69843864441  0.7743585
6716.68471527099  0.7541851
6718.67099189758  0.7379202
6720.65726852417  0.7289968
6722.64354515075  0.7254071
6724.62982177734  0.7243156
6726.61609840393  0.7252184
6728.60237503051  0.7235512
6730.5886516571  0.7208544
6732.57492828369  0.7145061
6734.56120491028  0.7007342
6736.54748153686  0.6880658
6738.53375816345  0.6837875
6740.52003479004  0.6847414
6742.50631141662  0.681875
6744.49258804321  0.6748804
6746.4788646698  0.6702179
6748.46514129638  0.667939
6750.45141792297  0.6677188
6752.43769454956  0.6698043
6754.42397117614  0.6734279
6756.41024780273  0.6771239
6758.39652442932  0.6823726
6760.38280105591  0.6819183
6762.36907768249  0.6725281
6764.35535430908  0.6665033
6766.34163093567  0.6667867
6768.32790756225  0.6682677
6770.31418418884  0.6696663
6772.30046081543  0.6715101
6774.28673744201  0.6751042
6776.2730140686  0.6815197
6778.25929069519  0.6876229
6780.24556732177  0.6921439
6782.23184394836  0.6925295
6784.21812057495  0.6880992
6786.20439720153  0.6808886
6788.19067382812  0.6809424
6790.17695045471  0.6910828
6792.16322708129  0.6950283
6794.14950370788  0.6897853
6796.13578033447  0.6834643
6798.12205696106  0.6795083
6800.10833358764  0.6758906
6802.09461021423  0.6758571
6804.08088684082  0.6811429
6806.0671634674  0.6862136
6808.05344009399  0.6903344
6810.03971672058  0.6949145
6812.02599334717  0.7041073
6814.01226997375  0.7092553
6815.99854660034  0.6932503
6817.98482322693  0.6512762
6819.97109985351  0.6376067
6821.9573764801  0.6583744
6823.94365310669  0.677651
6825.92992973327  0.6872448
6827.91620635986  0.6886077
6829.90248298645  0.6831476
6831.88875961303  0.671475
6833.87503623962  0.662917
6835.86131286621  0.6564333
6837.84758949279  0.6507378
6839.83386611938  0.6461498
6841.82014274597  0.6452851
6843.80641937256  0.6485867
6845.79269599914  0.6547593
6847.77897262573  0.6541507
6849.76524925232  0.6445124
6851.7515258789  0.6373302
6853.73780250549  0.634348
6855.72407913208  0.6340919
6857.71035575866  0.6355228
6859.69663238525  0.6381813
6861.68290901184  0.6363583
6863.66918563843  0.6286416
6865.65546226501  0.6230021
6867.6417388916  0.6185096
6869.62801551819  0.6168848
6871.61429214477  0.6209
6873.60056877136  0.6283982
6875.58684539795  0.6319228
6877.57312202453  0.631725
6879.55939865112  0.6324697
6881.54567527771  0.6351261
6883.53195190429  0.6339529
6885.51822853088  0.6281929
6887.50450515747  0.6237134
6889.49078178406  0.6220021
6891.47705841064  0.6200718
6893.46333503723  0.6194121
6895.44961166381  0.620572
6897.4358882904  0.6232084
6899.42216491699  0.6274585
6901.40844154358  0.6302789
6903.39471817016  0.6294079
6905.38099479675  0.6262802
6907.36727142334  0.6227793
6909.35354804992  0.616874
6911.33982467651  0.6149915
6913.3261013031  0.6201421
6915.31237792968  0.6237874
6917.29865455627  0.6199014
6919.28493118286  0.6123689
6921.27120780944  0.6150311
6923.25748443603  0.6321463
6925.24376106262  0.6431186
6927.23003768921  0.6469831
6929.21631431579  0.6490479
6931.20259094238  0.6520081
6933.18886756897  0.656316
6935.17514419555  0.665095
6937.16142082214  0.6802669
6939.14769744873  0.6895743
6941.13397407531  0.6911886
6943.1202507019  0.6944607
6945.10652732849  0.7023113
6947.09280395508  0.7137119
6949.07908058166  0.7258694
6951.06535720825  0.7371258
6953.05163383484  0.7454813
6955.03791046142  0.7503262
6957.02418708801  0.7590188
6959.0104637146  0.771597
6960.99674034118  0.7825394
6962.98301696777  0.7930711
6964.96929359436  0.8024951
6966.95557022095  0.8039088
6968.94184684753  0.7955339
6970.92812347412  0.793322
6972.9144001007  0.7998477
6974.90067672729  0.8041219
6976.88695335388  0.8006155
6978.87322998047  0.7912933
6980.85950660705  0.7831323
6982.84578323364  0.7736417
6984.83205986023  0.7717323
6986.81833648681  0.7816694
6988.8046131134  0.7870746
6990.79088973999  0.7804657
6992.77716636657  0.7748308
6994.76344299316  0.7786946
6996.74971961975  0.785868
6998.73599624634  0.7874415
7000.72227287292  0.7833875
7002.70854949951  0.7810226
7004.6948261261  0.780075
7006.68110275268  0.7793229
7008.66737937927  0.7774336
7010.65365600586  0.7757031
7012.63993263244  0.7783034
7014.62620925903  0.7852526
7016.61248588562  0.7916205
7018.5987625122  0.7991716
7020.58503913879  0.8056146
7022.57131576538  0.8067509
7024.55759239196  0.8045636
7026.54386901855  0.8059853
7028.53014564514  0.8097636
7030.51642227173  0.8155684
7032.50269889831  0.8226248
7034.4889755249  0.8342991
7036.47525215149  0.8535439
7038.46152877807  0.8745914
7040.44780540466  0.8873882
7042.43408203125  0.8925776
7044.42035865783  0.8979737
7046.40663528442  0.900742
7048.39291191101  0.9076796
7050.37918853759  0.9218291
7052.36546516418  0.935977
7054.35174179077  0.9439142
7056.33801841736  0.9462101
7058.32429504394  0.9462021
7060.31057167053  0.9461635
7062.29684829712  0.9375443
7064.2831249237  0.9149227
7066.26940155029  0.89024
7068.25567817688  0.8716931
7070.24195480346  0.8543733
7072.22823143005  0.8378047
7074.21450805664  0.8243093
7076.20078468322  0.8111553
7078.18706130981  0.7968006
7080.1733379364  0.7824658
7082.15961456299  0.7691863
7084.14589118957  0.7573347
7086.13216781616  0.7490475
7088.11844444275  0.7449357
7090.10472106933  0.7375575
7092.09099769592  0.7260651
7094.07727432251  0.7155008
7096.06355094909  0.7080169
7098.04982757568  0.702648
7100.03610420227  0.6958085
7102.02238082885  0.6881903
7104.00865745544  0.6854607
7105.99493408203  0.6908067
7107.98121070862  0.6898205
7109.9674873352  0.6801547
7111.95376396179  0.6681373
7113.94004058838  0.6578484
7115.92631721496  0.6489829
7117.91259384155  0.6460437
7119.89887046814  0.6502128
7121.88514709472  0.654669
7123.87142372131  0.6600233
7125.8577003479  0.6635554
7127.84397697448  0.6632413
7129.83025360107  0.6598467
7131.81653022766  0.6569324
7133.80280685424  0.6531093
7135.78908348083  0.6552913
7137.77536010742  0.666793
7139.76163673401  0.6752165
7141.74791336059  0.6740016
7143.73418998718  0.6696277
7145.72046661377  0.6734082
7147.70674324035  0.6839217
7149.69301986694  0.6991957
7151.67929649353  0.7249457
7153.66557312011  0.7431497
7155.6518497467  0.7469889
7157.63812637329  0.7454609
7159.62440299987  0.7503582
7161.61067962646  0.7619231
7163.59695625305  0.7690084
7165.58323287964  0.7714824
7167.56950950622  0.7737783
7169.55578613281  0.7760693
7171.5420627594  0.7784198
7173.52833938598  0.7837327
7175.51461601257  0.791157
7177.50089263916  0.7921441
7179.48716926574  0.7851403
7181.47344589233  0.7827823
7183.45972251892  0.7857991
7185.4459991455  0.7904106
7187.43227577209  0.7963051
7189.41855239868  0.8016553
7191.40482902527  0.8016421
7193.39110565185  0.7962806
7195.37738227844  0.7939684
7197.36365890503  0.7951975
7199.34993553161  0.7940846
7201.3362121582  0.7904006
7203.32248878479  0.7885564
7205.30876541137  0.7904317
7207.29504203796  0.7956939
7209.28131866455  0.797011
7211.26759529114  0.7930388
7213.25387191772  0.7920364
7215.24014854431  0.7965963
7217.2264251709  0.8001775
7219.21270179748  0.7972794
7221.19897842407  0.7886177
7223.18525505066  0.7845867
7225.17153167724  0.7834767
7227.15780830383  0.7885154
7229.14408493042  0.8033956
7231.13036155701  0.8139085
7233.11663818359  0.8101915
7235.10291481018  0.7995355
7237.08919143676  0.795194
7239.07546806335  0.7928873
7241.06174468994  0.7964731
7243.04802131652  0.8115651
7245.03429794311  0.8228786
7247.0205745697  0.8216699
7249.00685119628  0.8177138
7250.99312782287  0.8237184
7252.97940444946  0.8387377
7254.96568107605  0.8483458
7256.95195770263  0.8518946
7258.93823432922  0.8576978
7260.92451095581  0.8684722
7262.91078758239  0.8793029
7264.89706420898  0.8857361
7266.88334083557  0.8892328
7268.86961746215  0.8899724
7270.85589408874  0.8854758
7272.84217071533  0.8834968
7274.82844734192  0.8882966
7276.8147239685  0.8925301
7278.80100059509  0.8864691
7280.78727722168  0.8757572
7282.77355384826  0.8802832
7284.75983047485  0.9024705
7286.74610710144  0.9140501
7288.73238372802  0.9146619
7290.71866035461  0.9119321
7292.7049369812  0.9057858
7294.69121360779  0.8997517
7296.67749023437  0.9056298
7298.66376686096  0.9263658
7300.65004348755  0.9319868
7302.63632011413  0.9189623
7304.62259674072  0.9068884
7306.60887336731  0.9004431
7308.59514999389  0.8981368
7310.58142662048  0.9059034
7312.56770324707  0.9277055
7314.55397987365  0.9375899
7316.54025650024  0.9351059
7318.52653312683  0.9319059
7320.51280975341  0.9313039
7322.49908638  0.9274947
7324.48536300659  0.9150575
7326.47163963317  0.8963999
7328.45791625976  0.8838033
7330.44419288635  0.8740799
7332.43046951294  0.8707256
7334.41674613952  0.880004
7336.40302276611  0.8889567
7338.3892993927  0.8845322
7340.37557601928  0.8695348
7342.36185264587  0.8567317
7344.34812927246  0.843433
7346.33440589905  0.8331144
7348.32068252563  0.8267846
7350.30695915222  0.8233008
7352.29323577881  0.817767
7354.27951240539  0.811515
7356.26578903198  0.8123283
7358.25206565857  0.8205346
7360.23834228515  0.82268
7362.22461891174  0.8182045
7364.21089553833  0.8146105
7366.19717216492  0.8126454
7368.1834487915  0.8129439
7370.16972541809  0.8158375
7372.15600204467  0.8200879
7374.14227867126  0.8205693
7376.12855529785  0.8183668
7378.11483192444  0.8129874
7380.10110855102  0.802269
7382.08738517761  0.7927304
7384.0736618042  0.7866545
7386.05993843078  0.7803153
7388.04621505737  0.7786815
7390.03249168396  0.7829416
7392.01876831054  0.7890049
7394.00504493713  0.796463
7395.99132156372  0.8034801
7397.9775981903  0.8095011
7399.96387481689  0.8135309
7401.95015144348  0.8147111
7403.93642807007  0.8144762
7405.92270469665  0.8121029
7407.90898132324  0.8062037
7409.89525794983  0.7976986
7411.88153457641  0.788378
7413.867811203  0.7832028
7415.85408782959  0.7850563
7417.84036445617  0.7929071
7419.82664108276  0.7967586
7421.81291770935  0.7978745
7423.79919433593  0.795812
7425.78547096252  0.7912398
7427.77174758911  0.7899812
7429.7580242157  0.7922021
7431.74430084228  0.796688
7433.73057746887  0.8031355
7435.71685409546  0.8144526
7437.70313072204  0.8197043
7439.68940734863  0.8174481
7441.67568397522  0.8149347
7443.6619606018  0.8149291
7445.64823722839  0.8169755
7447.63451385498  0.8220239
7449.62079048156  0.8319263
7451.60706710815  0.8331331
7453.59334373474  0.8251739
7455.57962036133  0.8162599
7457.56589698791  0.8063443
7459.5521736145  0.7955629
7461.53845024108  0.7883788
7463.52472686767  0.784686
7465.51100349426  0.7809319
7467.49728012085  0.7768475
7469.48355674743  0.7743595
7471.46983337402  0.7751358
7473.45611000061  0.7760689
7475.44238662719  0.773597
7477.42866325378  0.770408
7479.41493988037  0.7722206
7481.40121650695  0.7797852
7483.38749313354  0.7845415
7485.37376976013  0.7891542
7487.36004638672  0.7933736
7489.3463230133  0.7917272
7491.33259963989  0.7865525
7493.31887626648  0.7920659
7495.30515289306  0.8115336
7497.29142951965  0.8205898
7499.27770614624  0.8175859
7501.26398277282  0.8130905
7503.25025939941  0.8109236
7505.236536026  0.8097638
7507.22281265258  0.8102845
7509.20908927917  0.8120638
7511.19536590576  0.8174669
7513.18164253235  0.831109
7515.16791915893  0.8376526
7517.15419578552  0.8270915
7519.14047241211  0.8088176
7521.12674903869  0.8003811
7523.11302566528  0.7980989
7525.09930229187  0.7984718
7527.08557891845  0.8048439
7529.07185554504  0.8091375
7531.05813217163  0.806913
7533.04440879821  0.8009015
7535.0306854248  0.7972708
7537.01696205139  0.7968929
7539.00323867798  0.7874262
7540.98951530456  0.7677818
7542.97579193115  0.7476603
7544.96206855774  0.7240807
7546.94834518432  0.7060876
7548.93462181091  0.703137
7550.9208984375  0.7107182
7552.90717506408  0.7213287
7554.89345169067  0.7376992
7556.87972831726  0.7544419
7558.86600494385  0.775223
7560.85228157043  0.7887525
7562.83855819702  0.7901479
7564.82483482361  0.7827786
7566.81111145019  0.7616826
7568.79738807678  0.7227249
7570.78366470337  0.6993409
7572.76994132995  0.6889091
7574.75621795654  0.6865285
7576.74249458313  0.6983843
7578.72877120971  0.7160438
7580.7150478363  0.7263602
7582.70132446289  0.7339529
7584.68760108948  0.735182
7586.67387771606  0.7287349
7588.66015434265  0.7200521
7590.64643096924  0.7082725
7592.63270759582  0.6962633
7594.61898422241  0.6895036
7596.60526084899  0.6865203
7598.59153747558  0.6843632
7600.57781410217  0.6828589
7602.56409072876  0.6855491
7604.55036735534  0.6930599
7606.53664398193  0.6999267
7608.52292060852  0.7040539
7610.5091972351  0.7054148
7612.49547386169  0.7049733
7614.48175048828  0.703707
7616.46802711486  0.7021258
7618.45430374145  0.6992548
7620.44058036804  0.6920809
7622.42685699462  0.6796374
7624.41313362121  0.6688574
7626.3994102478  0.6741832
7628.38568687439  0.6949595
7630.37196350097  0.7103117
7632.35824012756  0.7258191
7634.34451675415  0.732228
7636.33079338073  0.7212041
7638.31707000732  0.703681
7640.30334663391  0.696232
7642.28962326049  0.6968738
7644.27589988708  0.7095423
7646.26217651367  0.7417105
7648.24845314026  0.7628447
7650.23472976684  0.7681209
7652.22100639343  0.7669756
7654.20728302002  0.7662097
7656.1935596466  0.7652597
7658.17983627319  0.7639593
7660.16611289978  0.76084
7662.15238952637  0.7593726
7664.13866615295  0.7594933
7666.12494277954  0.7674116
7668.11121940612  0.7842559
7670.09749603271  0.8030675
7672.0837726593  0.8153154
7674.07004928589  0.8236001
7676.05632591247  0.8284481
7678.04260253906  0.8277397
7680.02887916565  0.8268682
7682.01515579223  0.8270759
7684.00143241882  0.8280793
7685.98770904541  0.8309367
7687.97398567199  0.8349369
7689.96026229858  0.8369069
7691.94653892517  0.8422309
7693.93281555175  0.8349796
7695.91909217834  0.8008203
7697.90536880493  0.7659378
7699.89164543152  0.7654018
7701.8779220581  0.7902469
7703.86419868469  0.8010471
7705.85047531128  0.8028579
7707.83675193786  0.8028613
7709.82302856445  0.7971015
7711.80930519104  0.7890881
7713.79558181762  0.7849675
7715.78185844421  0.7835467
7717.7681350708  0.7788016
7719.75441169738  0.7706466
7721.74068832397  0.7647863
7723.72696495056  0.7613748
7725.71324157715  0.757358
7727.69951820373  0.7517042
7729.68579483032  0.74612
7731.67207145691  0.744655
7733.65834808349  0.7485917
7735.64462471008  0.7424168
7737.63090133667  0.7217122
7739.61717796325  0.7077523
7741.60345458984  0.7085381
7743.58973121643  0.7150855
7745.57600784301  0.7152731
7747.5622844696  0.7101051
7749.54856109619  0.7075012
7751.53483772278  0.7071095
7753.52111434936  0.707029
7755.50739097595  0.7056387
7757.49366760254  0.7031051
7759.47994422912  0.7034796
7761.46622085571  0.70802
7763.4524974823  0.7047086
7765.43877410888  0.6917288
7767.42505073547  0.6814976
7769.41132736206  0.6732518
7771.39760398864  0.6739499
7773.38388061523  0.6892124
7775.37015724182  0.7117658
7777.35643386841  0.72359
7779.34271049499  0.7274573
7781.32898712158  0.7309301
7783.31526374817  0.7333449
7785.30154037475  0.7318695
7787.28781700134  0.7253016
7789.27409362793  0.7178213
7791.26037025451  0.7177446
7793.2466468811  0.7251346
7795.23292350769  0.7273004
7797.21920013427  0.7249805
7799.20547676086  0.721203
7801.19175338745  0.7145951
7803.17803001404  0.7083794
7805.16430664062  0.7082942
7807.15058326721  0.7124802
7809.1368598938  0.7147239
7811.12313652038  0.7161888
7813.10941314697  0.7172298
7815.09568977356  0.7158288
7817.08196640014  0.7153326
7819.06824302673  0.72025
7821.05451965332  0.728428
7823.0407962799  0.7285865
7825.02707290649  0.7196903
7827.01334953308  0.7150924
7828.99962615966  0.7148198
7830.98590278625  0.7172869
7832.97217941284  0.7228858
7834.95845603943  0.7294601
7836.94473266601  0.7303655
7838.9310092926  0.7265036
7840.91728591919  0.723991
7842.90356254577  0.7214938
7844.88983917236  0.718913
7846.87611579895  0.7192091
7848.86239242553  0.7219798
7850.84866905212  0.7226277
7852.83494567871  0.7216228
7854.8212223053  0.7191294
7856.80749893188  0.7100053
7858.79377555847  0.7130354
7860.78005218505  0.7361595
7862.76632881164  0.762659
7864.75260543823  0.7797313
7866.73888206482  0.7900066
7868.7251586914  0.782594
7870.71143531799  0.7504361
7872.69771194458  0.7302529
7874.68398857116  0.7188011
7876.67026519775  0.7161119
7878.65654182434  0.7294334
7880.64281845093  0.753571
7882.62909507751  0.7662086
7884.6153717041  0.7703707
7886.60164833069  0.7713761
7888.58792495727  0.766698
7890.57420158386  0.7636129
7892.56047821045  0.7659324
7894.54675483703  0.7701874
7896.53303146362  0.7708839
7898.51930809021  0.7673774
7900.50558471679  0.7700208
7902.49186134338  0.780472
7904.47813796997  0.7894896
7906.46441459656  0.7958088
7908.45069122314  0.7980642
7910.43696784973  0.7889872
7912.42324447632  0.7680002
7914.4095211029  0.7543368
7916.39579772949  0.7457075
7918.38207435607  0.739013
7920.36835098266  0.7361237
7922.35462760925  0.7361045
7924.34090423584  0.7346445
7926.32718086243  0.7320193
7928.31345748901  0.731781
7930.2997341156  0.7336957
7932.28601074218  0.7366508
7934.27228736877  0.7432463
7936.25856399536  0.7452881
7938.24484062194  0.7366191
7940.23111724853  0.7221251
7942.21739387512  0.7123038
7944.20367050171  0.7039836
7946.18994712829  0.7042967
7948.17622375488  0.717944
7950.16250038147  0.7255956
7952.14877700805  0.7193288
7954.13505363464  0.7092766
7956.12133026123  0.7074129
7958.10760688781  0.710177
7960.0938835144  0.7114023
7962.08016014099  0.7133491
7964.06643676757  0.7144392
7966.05271339416  0.7085389
7968.03899002075  0.6997585
7970.02526664734  0.7010479
7972.01154327392  0.7101771
7973.99781990051  0.7141494
7975.9840965271  0.7154227
7977.97037315368  0.7140588
7979.95664978027  0.7071467
7981.94292640686  0.6983507
7983.92920303344  0.688673
7985.91547966003  0.6778384
7987.90175628662  0.6773003
7989.8880329132  0.6890978
7991.87430953979  0.6928189
7993.86058616638  0.6860938
7995.84686279296  0.6839926
7997.83313941955  0.6927846
7999.81941604614  0.7052729
8001.80569267273  0.7100118
8003.79196929931  0.710355
8005.7782459259  0.7078557
8007.76452255249  0.7004243
8009.75079917907  0.6913891
8011.73707580566  0.6812503
8013.72335243225  0.6730278
8015.70962905883  0.6785065
8017.69590568542  0.6992562
8019.68218231201  0.7085195
8021.6684589386  0.7090854
8023.65473556518  0.7047845
8025.64101219177  0.6942697
8027.62728881836  0.6852558
8029.61356544494  0.6822423
8031.59984207153  0.6818771
8033.58611869812  0.6832638
8035.5723953247  0.6882334
8037.55867195129  0.6914184
8039.54494857788  0.69174
8041.53122520446  0.6911407
8043.51750183105  0.6926248
8045.50377845764  0.6959991
8047.49005508423  0.6950401
8049.47633171081  0.6897175
8051.4626083374  0.684462
8053.44888496399  0.6772014
8055.43516159057  0.6739684
8057.42143821716  0.6804404
8059.40771484375  0.6918523
8061.39399147033  0.6945035
8063.38026809692  0.6889297
8065.36654472351  0.689347
8067.35282135009  0.6970065
8069.33909797668  0.7001663
8071.32537460327  0.697467
8073.31165122985  0.6935294
8075.29792785644  0.6875742
8077.28420448303  0.6777798
8079.27048110962  0.6714202
8081.2567577362  0.6670086
8083.24303436279  0.6653005
8085.22931098938  0.6679808
8087.21558761596  0.6774858
8089.20186424255  0.6911092
8091.18814086914  0.7055123
8093.17441749572  0.7113735
8095.16069412231  0.7094886
8097.1469707489  0.7065119
8099.13324737549  0.6999664
8101.11952400207  0.6954769
8103.10580062866  0.6970897
8105.09207725525  0.7009363
8107.07835388183  0.699696
8109.06463050842  0.692179
8111.05090713501  0.6939517
8113.03718376159  0.7087419
8115.02346038818  0.719824
8117.00973701477  0.7180974
8118.99601364135  0.7097297
8120.98229026794  0.7049811
8122.96856689453  0.7016895
8124.95484352112  0.7022102
8126.9411201477  0.7086543
8128.92739677429  0.711158
8130.91367340088  0.707513
8132.89995002746  0.7040825
8134.88622665405  0.7044697
8136.87250328064  0.7083827
8138.85877990722  0.7159081
8140.84505653381  0.7281336
8142.8313331604  0.7381808
8144.81760978698  0.7491998
8146.80388641357  0.7604964
8148.79016304016  0.7718545
8150.77643966675  0.7870653
8152.76271629333  0.7874019
8154.74899291992  0.7693471
8156.73526954651  0.7537112
8158.72154617309  0.7419749
8160.70782279968  0.7376642
8162.69409942627  0.7434851
8164.68037605285  0.7560869
8166.66665267944  0.7564327
8168.65292930603  0.7426186
8170.63920593261  0.739986
8172.6254825592  0.7471974
8174.61175918579  0.7627922
8176.59803581237  0.7905706
8178.58431243896  0.8153518
8180.57058906555  0.8162795
8182.55686569214  0.7979953
8184.54314231872  0.7834569
8186.52941894531  0.7634746
8188.5156955719  0.7583416
8190.50197219848  0.7754024
8192.48824882507  0.7964943
8194.47452545166  0.8047432
8196.46080207824  0.8048286
8198.44707870483  0.8059319
8200.43335533142  0.804673
8202.41963195801  0.8079482
8204.40590858459  0.8202221
8206.39218521118  0.8286358
8208.37846183776  0.8240069
8210.36473846435  0.8127298
8212.35101509094  0.8011577
8214.33729171753  0.7840391
8216.32356834411  0.774825
8218.3098449707  0.7741992
8220.29612159729  0.7811767
8222.28239822387  0.7981026
8224.26867485046  0.8207759
8226.25495147705  0.8324395
8228.24122810363  0.8370764
8230.22750473022  0.8254393
8232.21378135681  0.7886635
8234.2000579834  0.7632329
8236.18633460998  0.7628847
8238.17261123657  0.7745813
8240.15888786316  0.7811803
8242.14516448974  0.7854763
8244.13144111633  0.7863385
8246.11771774292  0.7808007
8248.1039943695  0.7822739
8250.09027099609  0.7949978
8252.07654762268  0.8073064
8254.06282424926  0.8086613
8256.04910087585  0.8000565
8258.03537750244  0.7895746
8260.02165412903  0.7754684
8262.00793075561  0.7647614
8263.9942073822  0.7535992
8265.98048400878  0.7441955
8267.96676063537  0.7424799
8269.95303726196  0.7454243
8271.93931388855  0.748274
8273.92559051513  0.7539085
8275.91186714172  0.7622783
8277.89814376831  0.7737479
8279.8844203949  0.7801913
8281.87069702148  0.783358
8283.85697364807  0.7834632
8285.84325027465  0.7769019
8287.82952690124  0.7647383
8289.81580352783  0.7599748
8291.80208015442  0.7628334
8293.788356781  0.7611778
8295.77463340759  0.7567568
8297.76091003418  0.7511865
8299.74718666076  0.7421738
8301.73346328735  0.731843
8303.71973991394  0.7320818
8305.70601654052  0.7441192
8307.69229316711  0.7521756
8309.6785697937  0.7576896
8311.66484642028  0.7606759
8313.65112304687  0.7577481
8315.63739967346  0.7483444
8317.62367630004  0.7411664
8319.60995292663  0.7328697
8321.59622955322  0.7340956
8323.58250617981  0.7494249
8325.56878280639  0.7622371
8327.55505943298  0.7572766
8329.54133605957  0.7444515
8331.52761268615  0.7521204
8333.51388931274  0.7786404
8335.50016593933  0.7879334
8337.48644256592  0.7819711
8339.4727191925  0.7747523
8341.45899581909  0.7619373
8343.44527244567  0.7471976
8345.43154907226  0.7447253
8347.41782569885  0.751895
8349.40410232544  0.7584873
8351.39037895202  0.7670231
8353.37665557861  0.7754682
8355.3629322052  0.7827233
8357.34920883178  0.7879938
8359.33548545837  0.7895654
8361.32176208496  0.7902412
8363.30803871154  0.8041139
8365.29431533813  0.8337382
8367.28059196472  0.8528934
8369.26686859131  0.8646152
8371.25314521789  0.8688124
8373.23942184448  0.8576219
8375.22569847107  0.8364666
8377.21197509765  0.8352436
8379.19825172424  0.8522503
8381.18452835083  0.8652437
8383.17080497741  0.8759071
8385.157081604  0.88434
8387.14335823059  0.8898971
8389.12963485717  0.8966606
8391.11591148376  0.9054426
8393.10218811035  0.9143021
8395.08846473693  0.9339185
8397.07474136352  0.9646651
8399.06101799011  0.9971888
8401.0472946167  1.036256
8403.03357124328  1.076922
8405.01984786987  1.103917
8407.00612449646  1.119251
8408.99240112304  1.151008
8410.97867774963  1.199498
8412.96495437622  1.242734
8414.9512310028  1.279659
8416.93750762939  1.313886
8418.92378425598  1.34716
8420.91006088257  1.381717
8422.89633750915  1.41873
8424.88261413574  1.457921
8426.86889076233  1.493239
8428.85516738891  1.530144
8430.8414440155  1.559914
8432.82772064209  1.571588
8434.81399726867  1.574481
8436.80027389526  1.580809
8438.78655052185  1.579169
8440.77282714843  1.602395
8442.75910377502  1.659598
8444.74538040161  1.714673
8446.7316570282  1.752976
8448.71793365478  1.777252
8450.70421028137  1.790655
8452.69048690796  1.795873
8454.67676353454  1.806503
8456.66304016113  1.825218
8458.64931678772  1.828556
8460.6355934143  1.805686
8462.62187004089  1.784403
8464.60814666748  1.799302
8466.59442329406  1.838581
8468.58069992065  1.872754
8470.56697654724  1.917399
8472.55325317382  1.935029
8474.53952980041  1.912824
8476.525806427  1.878647
8478.51208305359  1.852678
8480.49835968017  1.831265
8482.48463630676  1.824196
8484.47091293335  1.838075
8486.45718955993  1.82753
8488.44346618652  1.78658
8490.42974281311  1.744176
8492.41601943969  1.711164
8494.40229606628  1.694893
8496.38857269287  1.723142
8498.37484931946  1.799469
8500.36112594604  1.860196
8502.34740257263  1.913072
8504.33367919922  1.957879
8506.3199558258  2.000041
8508.30623245239  2.030928
8510.29250907898  2.036696
8512.27878570556  2.021951
8514.26506233215  2.017417
8516.25133895874  2.019526
8518.23761558532  2.01844
8520.22389221191  2.01669
8522.2101688385  2.004864
8524.19644546508  1.975463
8526.18272209167  1.930801
8528.16899871826  1.883509
8530.15527534484  1.835423
8532.14155197143  1.766364
8534.12782859802  1.652979
8536.11410522461  1.577404
8538.10038185119  1.592593
8540.08665847778  1.665018
8542.07293510437  1.742369
8544.05921173095  1.849438
8546.04548835754  1.910776
8548.03176498413  1.921763
8550.01804161071  1.92612
8552.0043182373  1.937842
8553.99059486389  1.943097
8555.97687149048  1.930938
8557.96314811706  1.905696
8559.94942474365  1.866756
8561.93570137024  1.805566
8563.92197799682  1.753467
8565.90825462341  1.719148
8567.89453125  1.693114
8569.88080787658  1.66906
8571.86708450317  1.649857
8573.85336112976  1.622827
8575.83963775634  1.588991
8577.82591438293  1.552857
8579.81219100952  1.511855
8581.79846763611  1.476044
8583.78474426269  1.45369
8585.77102088928  1.442695
8587.75729751587  1.443176
8589.74357414245  1.458746
8591.72985076904  1.47037
8593.71612739563  1.478074
8595.70240402221  1.486003
8597.6886806488  1.497318
8599.67495727539  1.50972
8601.66123390198  1.51549
8603.64751052856  1.514249
8605.63378715515  1.516568
8607.62006378173  1.52428
8609.60634040832  1.526871
8611.59261703491  1.52046
8613.57889366149  1.507619
8615.56517028808  1.489896
8617.55144691467  1.465317
8619.53772354126  1.457002
8621.52400016784  1.462964
8623.51027679443  1.474996
8625.49655342102  1.493225
8627.4828300476  1.512527
8629.46910667419  1.527572
8631.45538330078  1.53953
8633.44165992736  1.551483
8635.42793655395  1.564027
8637.41421318054  1.571228
8639.40048980713  1.573251
8641.38676643371  1.575848
8643.3730430603  1.577391
8645.35931968689  1.574929
8647.34559631347  1.577513
8649.33187294006  1.594627
8651.31814956665  1.566647
8653.30442619323  1.477044
8655.29070281982  1.403549
8657.27697944641  1.37189
8659.26325607299  1.371484
8661.24953269958  1.420401
8663.23580932617  1.528484
8665.22208595275  1.582606
8667.20836257934  1.592797
8669.19463920593  1.589289
8671.18091583252  1.568183
8673.1671924591  1.534295
8675.15346908569  1.507801
8677.13974571228  1.486428
8679.12602233886  1.467034
8681.11229896545  1.448851
8683.09857559204  1.437628
8685.08485221862  1.431628
8687.07112884521  1.425131
8689.0574054718  1.427357
8691.04368209839  1.442661
8693.02995872497  1.437621
8695.01623535156  1.413443
8697.00251197815  1.38686
8698.98878860473  1.358991
8700.97506523132  1.329244
8702.96134185791  1.305417
8704.94761848449  1.288045
8706.93389511108  1.256201
8708.92017173767  1.208619
8710.90644836425  1.183928
8712.89272499084  1.183871
8714.87900161743  1.179035
8716.86527824402  1.167791
8718.8515548706  1.15097
8720.83783149719  1.122626
8722.82410812378  1.083613
8724.81038475036  1.057387
8726.79666137695  1.039264
8728.78293800354  1.030432
8730.76921463012  1.035531
8732.75549125671  1.040757
8734.7417678833  1.030539
8736.72804450989  1.009856
8738.71432113647  0.999121
8740.70059776306  0.9965069
8742.68687438964  0.9916509
8744.67315101623  0.9854274
8746.65942764282  0.9783693
8748.64570426941  0.9697418
8750.63198089599  0.9593754
8752.61825752258  0.9447978
8754.60453414917  0.9236211
8756.59081077575  0.9103915
8758.57708740234  0.9096325
8760.56336402893  0.9030954
8762.54964065551  0.8782768
8764.5359172821  0.8460432
8766.52219390869  0.8242685
8768.50847053528  0.807331
8770.49474716186  0.7984805
8772.48102378845  0.8019572
8774.46730041504  0.8015491
8776.45357704162  0.7916501
8778.43985366821  0.7781945
8780.4261302948  0.7673681
8782.41240692138  0.7575549
8784.39868354797  0.7604564
8786.38496017456  0.780028
8788.37123680114  0.7913204
8790.35751342773  0.7862572
8792.34379005432  0.7767467
8794.33006668091  0.7832023
8796.31634330749  0.8021327
8798.30261993408  0.8066002
8800.28889656067  0.7980174
8802.27517318725  0.7958337
8804.26144981384  0.7992911
8806.24772644043  0.7987791
8808.23400306701  0.7948514
8810.2202796936  0.7915901
8812.20655632019  0.7869741
8814.19283294677  0.7782385
8816.17910957336  0.776736
8818.16538619995  0.7846016
8820.15166282654  0.7941573
8822.13793945312  0.8007663
8824.12421607971  0.8043696
8826.1104927063  0.8045074
8828.09676933288  0.7991402
8830.08304595947  0.8060128
8832.06932258605  0.8258962
8834.05559921264  0.8459399
8836.04187583923  0.8630339
8838.02815246582  0.8748445
8840.0144290924  0.8780008
8842.00070571899  0.8729814
8843.98698234558  0.8807399
8845.97325897217  0.9017039
8847.95953559875  0.917856
8849.94581222534  0.9264619
8851.93208885192  0.9281875
8853.91836547851  0.9267696
8855.9046421051  0.919141
8857.89091873169  0.8971764
8859.87719535827  0.8579598
8861.86347198486  0.8339536
8863.84974861145  0.8204102
8865.83602523803  0.813045
8867.82230186462  0.8177921
8869.80857849121  0.8250054
8871.7948551178  0.808786
8873.78113174438  0.7692307
8875.76740837097  0.7521581
8877.75368499755  0.7560831
8879.73996162414  0.762895
8881.72623825073  0.7700354
8883.71251487732  0.7780353
8885.6987915039  0.7739928
8887.68506813049  0.7557285
8889.67134475708  0.7440839
8891.65762138366  0.7380694
8893.64389801025  0.7280979
8895.63017463684  0.7095549
8897.61645126342  0.69538
8899.60272789001  0.6957755
8901.5890045166  0.7029454
8903.57528114319  0.7089287
8905.56155776977  0.7177488
8907.54783439636  0.7241791
8909.53411102295  0.7216396
8911.52038764953  0.7217119
8913.50666427612  0.7349749
8915.49294090271  0.7531615
8917.47921752929  0.7588935
8919.46549415588  0.7553644
8921.45177078247  0.7528055
8923.43804740905  0.7460619
8925.42432403564  0.7466662
8927.41060066223  0.7616286
8929.39687728881  0.7807966
8931.3831539154  0.790669
8933.36943054199  0.7945136
8935.35570716858  0.7966951
8937.34198379516  0.7923453
8939.32826042175  0.7995312
8941.31453704834  0.82749
8943.30081367492  0.8520898
8945.28709030151  0.8421102
8947.2733669281  0.8054931
8949.25964355469  0.7919511
8951.24592018127  0.7943833
8953.23219680786  0.7995675
8955.21847343445  0.8089334
8957.20475006103  0.8206936
8959.19102668762  0.8306501
8961.17730331421  0.8375286
8963.16357994079  0.8471087
8965.14985656738  0.8611792
8967.13613319397  0.8675147
8969.12240982055  0.8658317
8971.10868644714  0.86001
8973.09496307373  0.8454117
8975.08123970031  0.8257769
8977.0675163269  0.8168585
8979.05379295349  0.8128518
8981.04006958007  0.8303787
8983.02634620666  0.8779153
8985.01262283325  0.9122368
8986.99889945983  0.9188421
8988.98517608642  0.9171588
8990.97145271301  0.9284754
8992.9577293396  0.9492127
8994.94400596618  0.9393609
8996.93028259277  0.8915416
8998.91655921936  0.868778
9000.90283584594  0.8852526
9002.88911247253  0.9117328
9004.87538909912  0.9258272
9006.8616657257  0.9363816
9008.84794235229  0.9402935
9010.83421897888  0.9407234
9012.82049560546  0.9253805
9014.80677223205  0.8851981
9016.79304885864  0.8458342
9018.77932548523  0.837508
9020.76560211181  0.8495154
9022.7518787384  0.8362311
9024.73815536499  0.8027751
9026.72443199157  0.7732636
9028.71070861816  0.7435831
9030.69698524475  0.719809
9032.68326187133  0.7101798
9034.66953849792  0.7131419
9036.65581512451  0.714133
9038.6420917511  0.7141557
9040.62836837768  0.7133791
9042.61464500427  0.7129679
9044.60092163086  0.7116282
9046.58719825744  0.7104627
9048.57347488403  0.7125891
9050.55975151062  0.7139793
9052.5460281372  0.7126181
9054.53230476379  0.7078769
9056.51858139038  0.7001305
9058.50485801696  0.6906731
9060.49113464355  0.6756399
9062.47741127014  0.6634991
9064.46368789672  0.6672388
9066.44996452331  0.6849405
9068.4362411499  0.68985
9070.42251777649  0.684385
9072.40879440307  0.6794391
9074.39507102966  0.6793232
9076.38134765625  0.6781211
9078.36762428283  0.6696824
9080.35390090942  0.6583251
9082.34017753601  0.6492962
9084.32645416259  0.6404891
9086.31273078918  0.6316262
9088.29900741577  0.623323
9090.28528404236  0.6178657
9092.27156066894  0.6163456
9094.25783729553  0.6149269
9096.24411392212  0.6016097
9098.2303905487  0.5746338
9100.21666717529  0.5653869
9102.20294380188  0.5728974
9104.18922042846  0.5827525
9106.17549705505  0.5914518
9108.16177368164  0.600149
9110.14805030822  0.6058695
9112.13432693481  0.6076063
9114.1206035614  0.6127235
9116.10688018799  0.6204195
9118.09315681457  0.6276174
9120.07943344116  0.6368609
9122.06571006775  0.6465017
9124.05198669433  0.6487215
9126.03826332092  0.6459932
9128.02453994751  0.6479245
9130.01081657409  0.6529194
9131.99709320068  0.6570365
9133.98336982727  0.6604374
9135.96964645385  0.6661793
9137.95592308044  0.6774949
9139.94219970703  0.6909837
9141.92847633361  0.6983362
9143.9147529602  0.7016479
9145.90102958679  0.7043023
9147.88730621338  0.7017761
9149.87358283996  0.7084994
9151.85985946655  0.731616
9153.84613609314  0.761531
9155.83241271972  0.786738
9157.81868934631  0.812454
9159.8049659729  0.8247083
9161.79124259948  0.8218495
9163.77751922607  0.820474
9165.76379585266  0.8243729
9167.75007247925  0.8303279
9169.73634910583  0.8360213
9171.72262573242  0.8435112
9173.70890235901  0.8585256
9175.69517898559  0.8793251
9177.68145561218  0.9054698
9179.66773223877  0.9419547
9181.65400886535  0.9808813
9183.64028549194  1.014674
9185.62656211853  1.046653
9187.61283874511  1.068178
9189.5991153717  1.078113
9191.58539199829  1.084572
9193.57166862488  1.089025
9195.55794525146  1.093064
9197.54422187805  1.09792
9199.53049850463  1.105698
9201.51677513122  1.106719
9203.50305175781  1.100729
9205.4893283844  1.094583
9207.47560501098  1.086635
9209.46188163757  1.080217
9211.44815826416  1.078083
9213.43443489074  1.08287
9215.42071151733  1.095705
9217.40698814392  1.116273
9219.3932647705  1.118086
9221.37954139709  1.102651
9223.36581802368  1.087005
9225.35209465027  1.07386
9227.33837127685  1.062459
9229.32464790344  1.05069
9231.31092453002  1.037838
9233.29720115661  1.032112
9235.2834777832  1.039272
9237.26975440979  1.023647
9239.25603103637  0.9806488
9241.24230766296  0.9336742
9243.22858428955  0.8842905
9245.21486091613  0.8312571
9247.20113754272  0.8156389
9249.18741416931  0.8359055
9251.17369079589  0.8318778
9253.15996742248  0.807581
9255.14624404907  0.7923645
9257.13252067565  0.7799656
9259.11879730224  0.7604353
9261.10507392883  0.7420759
9263.09135055542  0.7261596
9265.077627182  0.7098197
9267.06390380859  0.6891649
9269.05018043518  0.6816697
9271.03645706176  0.6947329
9273.02273368835  0.7078783
9275.00901031494  0.6992003
9276.99528694152  0.6748645
9278.98156356811  0.6673087
9280.9678401947  0.6778603
9282.95411682128  0.6705858
9284.94039344787  0.6364129
9286.92667007446  0.5936139
9288.91294670104  0.5602242
9290.89922332763  0.5393034
9292.88549995422  0.5557953
9294.87177658081  0.6170465
9296.85805320739  0.637946
9298.84432983398  0.6140026
9300.83060646057  0.6033752
9302.81688308715  0.6417944
9304.80315971374  0.6889426
9306.78943634033  0.66991
9308.77571296691  0.6021256
9310.7619895935  0.5468372
9312.74826622009  0.4793447
9314.73454284668  0.4446427
9316.72081947326  0.4718572
9318.70709609985  0.5177302
9320.69337272644  0.5394875
9322.67964935302  0.5569292
9324.66592597961  0.5599946
9326.65220260619  0.5425812
9328.63847923278  0.5355041
9330.62475585937  0.5445645
9332.61103248596  0.5567355
9334.59730911254  0.5682742
9336.58358573913  0.582373
9338.56986236572  0.5790641
9340.5561389923  0.5543544
9342.54241561889  0.5479419
9344.52869224548  0.5604166
9346.51496887206  0.5821391
9348.50124549865  0.6133981
9350.48752212524  0.6431724
9352.47379875183  0.6352535
9354.46007537841  0.5905271
9356.446352005  0.572902
9358.43262863159  0.5762308
9360.41890525817  0.5901045
9362.40518188476  0.6068828
9364.39145851135  0.6236819
9366.37773513793  0.6518481
9368.36401176452  0.6953053
9370.35028839111  0.7004707
9372.33656501769  0.6602776
9374.32284164428  0.6444478
9376.30911827087  0.6711195
9378.29539489746  0.7136912
9380.28167152404  0.7495571
9382.26794815063  0.7886431
9384.25422477722  0.7740996
9386.2405014038  0.6995512
9388.22677803039  0.6491238
9390.21305465698  0.6298704
9392.19933128356  0.6273581
9394.18560791015  0.6325439
9396.17188453674  0.6419965
9398.15816116333  0.6640712
9400.14443778991  0.7065277
9402.1307144165  0.7293121
9404.11699104309  0.7266665
9406.10326766967  0.7169675
9408.08954429626  0.7052419
9410.07582092285  0.6855409
9412.06209754943  0.6703575
9414.04837417602  0.6581307
9416.03465080261  0.6570566
9418.02092742919  0.670744
9420.00720405578  0.6690683
9421.99348068237  0.6428338
9423.97975730895  0.6129816
9425.96603393554  0.5998542
9427.95231056213  0.5971594
9429.93858718872  0.5998632
9431.9248638153  0.6089522
9433.91114044189  0.6227906
9435.89741706848  0.6493574
9437.88369369506  0.6730471
9439.86997032165  0.6711673
9441.85624694824  0.6513909
9443.84252357482  0.6416171
9445.82880020141  0.6359277
9447.815076828  0.6296648
9449.80135345458  0.6256695
9451.78763008117  0.6313627
9453.77390670776  0.6414666
9455.76018333435  0.652252
9457.74645996093  0.661725
9459.73273658752  0.6692137
9461.71901321411  0.6787258
9463.70528984069  0.6964799
9465.69156646728  0.7100796
9467.67784309387  0.7025576
9469.66411972045  0.6833523
9471.65039634704  0.6701434
9473.63667297363  0.6502125
9475.62294960021  0.6784903
9477.6092262268  0.7671754
9479.59550285339  0.8343114
9481.58177947998  0.8544973
9483.56805610656  0.8541424
9485.55433273315  0.8482301
9487.54060935974  0.8288188
9489.52688598632  0.8195283
9491.51316261291  0.8141918
9493.4994392395  0.8200954
9495.48571586608  0.8362028
9497.47199249267  0.8611535
9499.45826911926  0.9085183
9501.44454574584  0.9724798
9503.43082237243  0.9927891
9505.41709899902  0.9761223
9507.40337562561  0.9641227
9509.38965225219  0.9438019
9511.37592887878  0.9297971
9513.36220550537  0.9403912
9515.34848213195  0.9637268
9517.33475875854  0.9793144
9519.32103538513  0.9947638
9521.30731201171  0.9962896
9523.2935886383  0.9800615
9525.27986526489  0.9685025
9527.26614189147  0.9684626
9529.25241851806  0.9705563
9531.23869514465  0.9688213
9533.22497177124  0.9619638
9535.21124839782  0.9706235
9537.19752502441  1.000399
9539.183801651  1.016232
9541.17007827758  1.003019
9543.15635490417  0.9747249
9545.14263153076  0.9479738
9547.12890815734  0.9188581
9549.11518478393  0.9039356
9551.10146141052  0.9022714
9553.0877380371  0.9013779
9555.07401466369  0.9019755
9557.06029129028  0.8958265
9559.04656791686  0.873247
9561.03284454345  0.8361166
9563.01912117004  0.8009388
9565.00539779663  0.7622479
9566.99167442321  0.7307066
9568.9779510498  0.7043568
9570.96422767639  0.6911808
9572.95050430297  0.6932483
9574.93678092956  0.7058442
9576.92305755615  0.7124684
9578.90933418273  0.715363
9580.89561080932  0.7146845
9582.88188743591  0.7153405
9584.8681640625  0.7028546
9586.85444068908  0.6687615
9588.84071731567  0.6304393
9590.82699394225  0.6091316
9592.81327056884  0.5969049
9594.79954719543  0.5991851
9596.78582382202  0.6223165
9598.7721004486  0.6341781
9600.75837707519  0.6287189
9602.74465370178  0.6144018
9604.73093032836  0.5881736
9606.71720695495  0.5483927
9608.70348358154  0.5461878
9610.68976020813  0.579639
9612.67603683471  0.6008451
9614.6623134613  0.6107844
9616.64859008789  0.6200286
9618.63486671447  0.6282582
9620.62114334106  0.6303155
9622.60741996765  0.623697
9624.59369659423  0.6087462
9626.57997322082  0.5984728
9628.56624984741  0.5901843
9630.552526474  0.5778953
9632.53880310058  0.5593244
9634.52507972717  0.5430357
9636.51135635375  0.5522043
9638.49763298034  0.5861014
9640.48390960693  0.594247
9642.47018623352  0.57915
9644.4564628601  0.567728
9646.44273948669  0.5676726
9648.42901611327  0.5629154
9650.41529273986  0.5355828
9652.40156936645  0.4894428
9654.38784599304  0.4778928
9656.37412261962  0.4973933
9658.36039924621  0.510468
9660.3466758728  0.509097
9662.33295249939  0.5044444
9664.31922912597  0.5125087
9666.30550575256  0.5288604
9668.29178237914  0.5369157
9670.27805900573  0.5410697
9672.26433563232  0.5427713
9674.25061225891  0.5358943
9676.23688888549  0.5209449
9678.22316551208  0.510807
9680.20944213867  0.5090127
9682.19571876525  0.5134648
9684.18199539184  0.5241565
9686.16827201843  0.5311345
9688.15454864501  0.5396608
9690.1408252716  0.5384399
9692.12710189819  0.5155537
9694.11337852477  0.4899445
9696.09965515136  0.4957652
9698.08593177795  0.5241449
9700.07220840454  0.5415668
9702.05848503112  0.5571499
9704.04476165771  0.5610867
9706.0310382843  0.547028
9708.01731491088  0.5352795
9710.00359153747  0.5429665
9711.98986816406  0.5590488
9713.97614479064  0.5766049
9715.96242141723  0.6048267
9717.94869804382  0.6153134
9719.93497467041  0.5959533
9721.92125129699  0.560858
9723.90752792358  0.5308415
9725.89380455016  0.5058106
9727.88008117675  0.4981505
9729.86635780334  0.5100275
9731.85263442993  0.5054893
9733.83891105651  0.4829881
9735.8251876831  0.4646907
9737.81146430969  0.4575726
9739.79774093627  0.4554001
9741.78401756286  0.463223
9743.77029418945  0.4846719
9745.75657081603  0.4936938
9747.74284744262  0.4893488
9749.72912406921  0.4876425
9751.7154006958  0.4979278
9753.70167732238  0.5040716
9755.68795394897  0.4908648
9757.67423057556  0.4677051
9759.66050720214  0.4552001
9761.64678382873  0.4467924
9763.63306045532  0.4436027
9765.6193370819  0.4557998
9767.60561370849  0.4687908
9769.59189033508  0.4533394
9771.57816696166  0.4183963
9773.56444358825  0.4258953
9775.55072021484  0.4752754
9777.53699684143  0.4878483
9779.52327346801  0.4696066
9781.5095500946  0.4447531
9783.49582672119  0.4101548
9785.48210334777  0.3718863
9787.46837997436  0.369566
9789.45465660095  0.3978061
9791.44093322753  0.4159963
9793.42720985412  0.4312222
9795.41348648071  0.4413195
9797.39976310729  0.4446711
9799.38603973388  0.449419
9801.37231636047  0.4578413
9803.35859298706  0.46677
9805.34486961364  0.4695973
9807.33114624023  0.4673368
9809.31742286682  0.4686184
9811.3036994934  0.4720529
9813.28997611999  0.4727453
9815.27625274658  0.4701206
9817.26252937316  0.4639888
9819.24880599975  0.4702393
9821.23508262634  0.4900914
9823.22135925292  0.4997375
9825.20763587951  0.4979071
9827.1939125061  0.4938116
9829.18018913269  0.4782188
9831.16646575927  0.4447269
9833.15274238586  0.4283861
9835.13901901245  0.4243602
9837.12529563903  0.4243708
9839.11157226562  0.4264613
9841.09784889221  0.433932
9843.08412551879  0.4424297
9845.07040214538  0.4512098
9847.05667877197  0.4648338
9849.04295539855  0.4871779
9851.02923202514  0.4820912
9853.01550865173  0.4443941
9855.00178527832  0.4171447
9856.9880619049  0.421499
9858.97433853149  0.4334176
9860.96061515808  0.4239325
9862.94689178466  0.404397
9864.93316841125  0.4160019
9866.91944503784  0.456313
9868.90572166442  0.4870386
9870.89199829101  0.5096457
9872.8782749176  0.5125873
9874.86455154418  0.4819031
9876.85082817077  0.4279471
9878.83710479736  0.4005333
9880.82338142395  0.3851285
9882.80965805053  0.3912862
9884.79593467712  0.426526
9886.78221130371  0.4670198
9888.76848793029  0.4974422
9890.75476455688  0.5219927
9892.74104118347  0.5218725
9894.72731781005  0.4965086
9896.71359443664  0.4762658
9898.69987106323  0.455782
9900.68614768981  0.4499248
9902.6724243164  0.4698504
9904.65870094299  0.5056583
9906.64497756957  0.5330244
9908.63125419616  0.5616779
9910.61753082275  0.5503028
9912.60380744934  0.4947364
9914.59008407592  0.4434979
9916.57636070251  0.4141073
9918.5626373291  0.407245
9920.54891395568  0.4219546
9922.53519058227  0.4597712
9924.52146720886  0.4854138
9926.50774383544  0.5034434
9928.49402046203  0.5295203
9930.48029708862  0.5700594
9932.46657371521  0.6113365
9934.45285034179  0.6320547
9936.43912696838  0.6254728
9938.42540359497  0.612456
9940.41168022155  0.5870255
9942.39795684814  0.573499
9944.38423347473  0.5634194
9946.37051010131  0.5566963
9948.3567867279  0.5450478
9950.34306335449  0.5305228
9952.32933998107  0.5422829
9954.31561660766  0.57969
9956.30189323425  0.6110371
9958.28816986083  0.6378055
9960.27444648742  0.6532713
9962.26072311401  0.6603198
9964.2469997406  0.6725824
9966.23327636718  0.7009234
9968.21955299377  0.7378088
9970.20582962036  0.7661082
9972.19210624694  0.7924637
9974.17838287353  0.8116126
9976.16465950012  0.8183295
9978.1509361267  0.8246427
9980.13721275329  0.83656
9982.12348937988  0.8469511
9984.10976600647  0.8649564
9986.09604263305  0.8918643
9988.08231925964  0.9180304
9990.06859588623  0.9391055
9992.05487251281  0.9479691
9994.0411491394  0.9443808
9996.02742576598  0.9364359
9998.01370239257  0.9404315
9999.99997901916  0.9494011
