5665.30322033512  1.183874E-15
5665.78831617145  1.205900E-15
5666.27341200777  1.061293E-15
5666.7585078441  1.166973E-15
5667.24360368042  1.293209E-15
5667.72869951674  1.266461E-15
5668.21379535307  1.276606E-15
5668.69889118939  1.331896E-15
5669.18398702572  1.330780E-15
5669.66908286204  1.257000E-15
5670.15417869836  1.222937E-15
5670.63927453469  1.216424E-15
5671.12437037101  1.297196E-15
5671.60946620734  1.368014E-15
5672.09456204366  1.301416E-15
5672.57965787998  1.284402E-15
5673.06475371631  1.264085E-15
5673.54984955263  1.248133E-15
5674.03494538896  1.324255E-15
5674.52004122528  1.285240E-15
5675.0051370616  1.221549E-15
5675.49023289793  1.245693E-15
5675.97532873425  1.323054E-15
5676.46042457058  1.324582E-15
5676.9455204069  1.339992E-15
5677.43061624322  1.341390E-15
5677.91571207955  1.301474E-15
5678.40080791587  1.289550E-15
5678.8859037522  1.277736E-15
5679.37099958852  1.266620E-15
5679.85609542485  1.257714E-15
5680.34119126117  1.292343E-15
5680.82628709749  1.320662E-15
5681.31138293382  1.350817E-15
5681.79647877014  1.375166E-15
5682.28157460647  1.317152E-15
5682.76667044279  1.278267E-15
5683.25176627911  1.303765E-15
5683.73686211544  1.292563E-15
5684.22195795176  1.310722E-15
5684.70705378809  1.354548E-15
5685.19214962441  1.328042E-15
5685.67724546073  1.303338E-15
5686.16234129706  1.276497E-15
5686.64743713338  1.270571E-15
5687.13253296971  1.329286E-15
5687.61762880603  1.338964E-15
5688.10272464236  1.333064E-15
5688.58782047868  1.359361E-15
5689.072916315  1.363754E-15
5689.55801215133  1.386410E-15
5690.04310798765  1.386729E-15
5690.52820382398  1.352121E-15
5691.0132996603  1.367276E-15
5691.49839549662  1.371043E-15
5691.98349133295  1.317749E-15
5692.46858716927  1.334339E-15
5692.9536830056  1.354596E-15
5693.43877884192  1.336294E-15
5693.92387467824  1.354795E-15
5694.40897051457  1.358841E-15
5694.89406635089  1.354064E-15
5695.37916218722  1.311467E-15
5695.86425802354  1.307735E-15
5696.34935385986  1.367953E-15
5696.83444969619  1.345917E-15
5697.31954553251  1.348262E-15
5697.80464136884  1.402241E-15
5698.28973720516  1.395937E-15
5698.77483304148  1.361157E-15
5699.25992887781  1.369296E-15
5699.74502471413  1.392928E-15
5700.23012055046  1.401331E-15
5700.71521638678  1.425191E-15
5701.2003122231  1.388201E-15
5701.68540805943  1.375418E-15
5702.17050389575  1.381748E-15
5702.65559973208  1.375947E-15
5703.1406955684  1.380686E-15
5703.62579140473  1.388913E-15
5704.11088724105  1.410454E-15
5704.59598307737  1.345150E-15
5705.0810789137  1.403889E-15
5705.56617475002  1.431409E-15
5706.05127058635  1.424303E-15
5706.53636642267  1.419227E-15
5707.02146225899  1.408396E-15
5707.50655809532  1.435123E-15
5707.99165393164  1.462075E-15
5708.47674976797  1.421158E-15
5708.96184560429  1.360011E-15
5709.44694144061  1.375335E-15
5709.93203727694  1.398011E-15
5710.41713311326  1.407189E-15
5710.90222894959  1.401848E-15
5711.38732478591  1.410740E-15
5711.87242062223  1.435348E-15
5712.35751645856  1.427444E-15
5712.84261229488  1.378882E-15
5713.32770813121  1.416849E-15
5713.81280396753  1.403794E-15
5714.29789980386  1.404744E-15
5714.78299564018  1.384258E-15
5715.2680914765  1.391221E-15
5715.75318731283  1.390284E-15
5716.23828314915  1.407583E-15
5716.72337898547  1.444864E-15
5717.2084748218  1.440714E-15
5717.69357065812  1.393483E-15
5718.17866649445  1.366041E-15
5718.66376233077  1.383204E-15
5719.1488581671  1.380956E-15
5719.63395400342  1.404165E-15
5720.11904983974  1.460529E-15
5720.60414567607  1.495427E-15
5721.08924151239  1.466231E-15
5721.57433734872  1.432335E-15
5722.05943318504  1.426277E-15
5722.54452902136  1.444974E-15
5723.02962485769  1.429329E-15
5723.51472069401  1.423170E-15
5723.99981653034  1.412531E-15
5724.48491236666  1.417128E-15
5724.97000820298  1.428735E-15
5725.45510403931  1.428144E-15
5725.94019987563  1.415317E-15
5726.42529571196  1.373027E-15
5726.91039154828  1.360747E-15
5727.3954873846  1.411794E-15
5727.88058322093  1.441078E-15
5728.36567905725  1.393230E-15
5728.85077489358  1.356447E-15
5729.3358707299  1.372347E-15
5729.82096656622  1.408242E-15
5730.30606240255  1.455622E-15
5730.79115823887  1.456114E-15
5731.2762540752  1.436134E-15
5731.76134991152  1.423204E-15
5732.24644574784  1.350607E-15
5732.73154158417  1.352922E-15
5733.21663742049  1.423945E-15
5733.70173325682  1.444075E-15
5734.18682909314  1.427394E-15
5734.67192492946  1.435429E-15
5735.15702076579  1.426362E-15
5735.64211660212  1.386176E-15
5736.12721243844  1.414425E-15
5736.61230827476  1.509684E-15
5737.09740411109  1.491713E-15
5737.58249994741  1.430539E-15
5738.06759578373  1.476544E-15
5738.55269162006  1.493879E-15
5739.03778745638  1.436364E-15
5739.52288329271  1.422207E-15
5740.00797912903  1.455988E-15
5740.49307496536  1.431496E-15
5740.97817080168  1.427914E-15
5741.463266638  1.502742E-15
5741.94836247433  1.461128E-15
5742.43345831065  1.396141E-15
5742.91855414698  1.428450E-15
5743.4036499833  1.439635E-15
5743.88874581962  1.441716E-15
5744.37384165595  1.428908E-15
5744.85893749227  1.445238E-15
5745.34403332859  1.480478E-15
5745.82912916492  1.514469E-15
5746.31422500124  1.493300E-15
5746.79932083757  1.460859E-15
5747.28441667389  1.470965E-15
5747.76951251022  1.368459E-15
5748.25460834654  1.403808E-15
5748.73970418286  1.416480E-15
5749.22480001919  1.454761E-15
5749.70989585551  1.461013E-15
5750.19499169184  1.440315E-15
5750.68008752816  1.483722E-15
5751.16518336448  1.536486E-15
5751.65027920081  1.571545E-15
5752.13537503713  1.567940E-15
5752.62047087346  1.502091E-15
5753.10556670978  1.446569E-15
5753.5906625461  1.437542E-15
5754.07575838243  1.441643E-15
5754.56085421875  1.440998E-15
5755.04595005508  1.437014E-15
5755.5310458914  1.452477E-15
5756.01614172772  1.427173E-15
5756.50123756405  1.446359E-15
5756.98633340037  1.473806E-15
5757.4714292367  1.446895E-15
5757.95652507302  1.389597E-15
5758.44162090935  1.389313E-15
5758.92671674567  1.398168E-15
5759.41181258199  1.402448E-15
5759.89690841832  1.468790E-15
5760.38200425464  1.480127E-15
5760.86710009097  1.404692E-15
5761.35219592729  1.370701E-15
5761.83729176361  1.391330E-15
5762.32238759994  1.418698E-15
5762.80748343626  1.440346E-15
5763.29257927259  1.442780E-15
5763.77767510891  1.422995E-15
5764.26277094523  1.418274E-15
5764.74786678156  1.415679E-15
5765.23296261788  1.369620E-15
5765.71805845421  1.387725E-15
5766.20315429053  1.379510E-15
5766.68825012685  1.422630E-15
5767.17334596318  1.473135E-15
5767.6584417995  1.451942E-15
5768.14353763583  1.392670E-15
5768.62863347215  1.389959E-15
5769.11372930848  1.448891E-15
5769.5988251448  1.474568E-15
5770.08392098112  1.468516E-15
5770.56901681745  1.443328E-15
5771.05411265377  1.425436E-15
5771.5392084901  1.436890E-15
5772.02430432642  1.450253E-15
5772.50940016274  1.440745E-15
5772.99449599907  1.407801E-15
5773.47959183539  1.419575E-15
5773.96468767172  1.423284E-15
5774.44978350804  1.400180E-15
5774.93487934436  1.405309E-15
5775.41997518069  1.411501E-15
5775.90507101701  1.431461E-15
5776.39016685334  1.383129E-15
5776.87526268966  1.316711E-15
5777.36035852598  1.352277E-15
5777.84545436231  1.366293E-15
5778.33055019863  1.358745E-15
5778.81564603496  1.356660E-15
5779.30074187128  1.355848E-15
5779.78583770761  1.419829E-15
5780.27093354393  1.434042E-15
5780.75602938025  1.405508E-15
5781.24112521658  1.371788E-15
5781.7262210529  1.367233E-15
5782.21131688922  1.393082E-15
5782.69641272555  1.413597E-15
5783.18150856187  1.364098E-15
5783.6666043982  1.356573E-15
5784.15170023452  1.387103E-15
5784.63679607085  1.388484E-15
5785.12189190717  1.408917E-15
5785.60698774349  1.419408E-15
5786.09208357982  1.400303E-15
5786.57717941614  1.423958E-15
5787.06227525247  1.389020E-15
5787.54737108879  1.410779E-15
5788.03246692511  1.405696E-15
5788.51756276144  1.423199E-15
5789.00265859776  1.441256E-15
5789.48775443409  1.430384E-15
5789.97285027041  1.462626E-15
5790.45794610673  1.451060E-15
5790.94304194306  1.422927E-15
5791.42813777938  1.383215E-15
5791.91323361571  1.387576E-15
5792.39832945203  1.384436E-15
5792.88342528835  1.428584E-15
5793.36852112468  1.438868E-15
5793.853616961  1.383193E-15
5794.33871279733  1.406565E-15
5794.82380863365  1.414211E-15
5795.30890446998  1.449464E-15
5795.7940003063  1.386245E-15
5796.27909614262  1.358065E-15
5796.76419197895  1.388349E-15
5797.24928781527  1.359886E-15
5797.73438365159  1.370403E-15
5798.21947948792  1.398262E-15
5798.70457532424  1.394008E-15
5799.18967116057  1.365915E-15
5799.67476699689  1.351120E-15
5800.15986283321  1.411473E-15
5800.64495866954  1.444019E-15
5801.13005450586  1.424941E-15
5801.61515034219  1.430874E-15
5802.10024617851  1.414755E-15
5802.58534201484  1.430775E-15
5803.07043785116  1.455554E-15
5803.55553368748  1.528224E-15
5804.04062952381  1.497701E-15
5804.52572536013  1.422520E-15
5805.01082119646  1.445161E-15
5805.49591703278  1.406130E-15
5805.9810128691  1.415906E-15
5806.46610870543  1.405746E-15
5806.95120454175  1.411998E-15
5807.43630037808  1.386532E-15
5807.9213962144  1.411075E-15
5808.40649205072  1.411205E-15
5808.89158788705  1.391778E-15
5809.37668372337  1.371585E-15
5809.8617795597  1.338961E-15
5810.34687539602  1.392486E-15
5810.83197123234  1.373167E-15
5811.31706706867  1.369404E-15
5811.80216290499  1.388479E-15
5812.28725874132  1.359243E-15
5812.77235457764  1.415802E-15
5813.25745041397  1.466983E-15
5813.74254625029  1.430411E-15
5814.22764208661  1.384102E-15
5814.71273792294  1.360494E-15
5815.19783375926  1.349641E-15
5815.68292959559  1.351004E-15
5816.16802543191  1.397534E-15
5816.65312126823  1.428173E-15
5817.13821710456  1.403059E-15
5817.62331294088  1.396651E-15
5818.10840877721  1.400462E-15
5818.59350461353  1.318679E-15
5819.07860044985  1.291671E-15
5819.56369628618  1.349083E-15
5820.0487921225  1.379660E-15
5820.53388795883  1.429875E-15
5821.01898379515  1.438507E-15
5821.50407963148  1.417221E-15
5821.9891754678  1.411699E-15
5822.47427130412  1.396057E-15
5822.95936714045  1.383840E-15
5823.44446297677  1.389378E-15
5823.9295588131  1.382298E-15
5824.41465464942  1.341516E-15
5824.89975048574  1.356120E-15
5825.38484632207  1.390944E-15
5825.86994215839  1.410577E-15
5826.35503799472  1.428827E-15
5826.84013383104  1.434685E-15
5827.32522966736  1.421916E-15
5827.81032550369  1.386625E-15
5828.29542134001  1.382941E-15
5828.78051717634  1.372141E-15
5829.26561301266  1.342151E-15
5829.75070884898  1.337475E-15
5830.23580468531  1.360253E-15
5830.72090052163  1.376540E-15
5831.20599635796  1.376637E-15
5831.69109219428  1.361460E-15
5832.17618803061  1.397696E-15
5832.66128386693  1.400510E-15
5833.14637970325  1.401837E-15
5833.63147553958  1.391630E-15
5834.1165713759  1.399118E-15
5834.60166721223  1.411475E-15
5835.08676304855  1.420330E-15
5835.57185888487  1.411067E-15
5836.0569547212  1.417407E-15
5836.54205055752  1.449372E-15
5837.02714639385  1.370192E-15
5837.51224223017  1.372241E-15
5837.99733806649  1.427284E-15
5838.48243390282  1.419496E-15
5838.96752973914  1.407514E-15
5839.45262557547  1.389535E-15
5839.93772141179  1.403396E-15
5840.42281724811  1.378415E-15
5840.90791308444  1.370955E-15
5841.39300892076  1.362513E-15
5841.87810475709  1.350724E-15
5842.36320059341  1.389187E-15
5842.84829642974  1.438307E-15
5843.33339226606  1.407181E-15
5843.81848810238  1.343720E-15
5844.30358393871  1.365696E-15
5844.78867977503  1.410782E-15
5845.27377561136  1.390293E-15
5845.75887144768  1.393686E-15
5846.243967284  1.417153E-15
5846.72906312033  1.362634E-15
5847.21415895665  1.322929E-15
5847.69925479298  1.399624E-15
5848.1843506293  1.376193E-15
5848.66944646562  1.340421E-15
5849.15454230195  1.406608E-15
5849.63963813827  1.400999E-15
5850.1247339746  1.394973E-15
5850.60982981092  1.418150E-15
5851.09492564724  1.395145E-15
5851.58002148357  1.411101E-15
5852.06511731989  1.435623E-15
5852.55021315622  1.444659E-15
5853.03530899254  1.440830E-15
5853.52040482886  1.441856E-15
5854.00550066519  1.442919E-15
5854.49059650151  1.421661E-15
5854.97569233784  1.429866E-15
5855.46078817416  1.403930E-15
5855.94588401049  1.411433E-15
5856.43097984681  1.413917E-15
5856.91607568313  1.445048E-15
5857.40117151946  1.443719E-15
5857.88626735578  1.448518E-15
5858.3713631921  1.438661E-15
5858.85645902843  1.403595E-15
5859.34155486475  1.367732E-15
5859.82665070108  1.376750E-15
5860.3117465374  1.417402E-15
5860.79684237373  1.456348E-15
5861.28193821005  1.405095E-15
5861.76703404637  1.375973E-15
5862.2521298827  1.410244E-15
5862.73722571902  1.487113E-15
5863.22232155535  1.506336E-15
5863.70741739167  1.534876E-15
5864.19251322799  1.423704E-15
5864.67760906432  1.419522E-15
5865.16270490064  1.490812E-15
5865.64780073697  1.445010E-15
5866.13289657329  1.444062E-15
5866.61799240961  1.489823E-15
5867.10308824594  1.486801E-15
5867.58818408226  1.441449E-15
5868.07327991859  1.460850E-15
5868.55837575491  1.444946E-15
5869.04347159124  1.406982E-15
5869.52856742756  1.385827E-15
5870.01366326388  1.430350E-15
5870.49875910021  1.501882E-15
5870.98385493653  1.447786E-15
5871.46895077285  1.407289E-15
5871.95404660918  1.438340E-15
5872.4391424455  1.528979E-15
5872.92423828183  1.538220E-15
5873.40933411815  1.546369E-15
5873.89442995447  1.508850E-15
5874.3795257908  1.473288E-15
5874.86462162712  1.501842E-15
5875.34971746345  1.470206E-15
5875.83481329977  1.453626E-15
5876.3199091361  1.493255E-15
5876.80500497242  1.518263E-15
5877.29010080874  1.530823E-15
5877.77519664507  1.486951E-15
5878.26029248139  1.447343E-15
5878.74538831772  1.488532E-15
5879.23048415404  1.476702E-15
5879.71557999036  1.459046E-15
5880.20067582669  1.497139E-15
5880.68577166301  1.469526E-15
5881.17086749934  1.493864E-15
5881.65596333566  1.527169E-15
5882.14105917198  1.487279E-15
5882.62615500831  1.481039E-15
5883.11125084463  1.472474E-15
5883.59634668096  1.480076E-15
5884.08144251728  1.514131E-15
5884.5665383536  1.540197E-15
5885.05163418993  1.423036E-15
5885.53673002625  1.077691E-15
5886.02182586258  7.125673E-16
5886.5069216989  5.098710E-16
5886.99201753522  5.573341E-16
5887.47711337155  8.549766E-16
5887.96220920787  1.206747E-15
5888.4473050442  1.456668E-15
5888.93240088052  1.479634E-15
5889.41749671685  1.429936E-15
5889.90259255317  1.527377E-15
5890.38768838949  1.577083E-15
5890.87278422582  1.466860E-15
5891.35788006214  1.236154E-15
5891.84297589847  9.999051E-16
5892.32807173479  7.115574E-16
5892.81316757111  6.415843E-16
5893.29826340744  8.807461E-16
5893.78335924376  1.189803E-15
5894.26845508009  1.389450E-15
5894.75355091641  1.511452E-15
5895.23864675274  1.516836E-15
5895.72374258906  1.476254E-15
5896.20883842538  1.469382E-15
5896.69393426171  1.514575E-15
5897.17903009803  1.537297E-15
5897.66412593435  1.536971E-15
5898.14922177068  1.520890E-15
5898.634317607  1.495756E-15
5899.11941344333  1.472777E-15
5899.60450927965  1.490770E-15
5900.08960511597  1.478427E-15
5900.5747009523  1.514214E-15
5901.05979678862  1.546428E-15
5901.54489262495  1.520649E-15
5902.02998846127  1.515317E-15
5902.5150842976  1.507353E-15
5903.00018013392  1.482498E-15
5903.48527597024  1.489854E-15
5903.97037180657  1.485622E-15
5904.45546764289  1.495331E-15
5904.94056347922  1.518283E-15
5905.42565931554  1.520677E-15
5905.91075515186  1.511375E-15
5906.39585098819  1.472083E-15
5906.88094682451  1.499224E-15
5907.36604266084  1.463923E-15
5907.85113849716  1.454052E-15
5908.33623433348  1.476952E-15
5908.82133016981  1.480224E-15
5909.30642600613  1.524319E-15
5909.79152184246  1.480785E-15
5910.27661767878  1.554758E-15
5910.76171351511  1.566731E-15
5911.24680935143  1.450023E-15
5911.73190518775  1.435211E-15
5912.21700102408  1.435227E-15
5912.7020968604  1.470275E-15
5913.18719269673  1.497729E-15
5913.67228853305  1.459458E-15
5914.15738436937  1.496717E-15
5914.6424802057  1.527102E-15
5915.12757604202  1.485034E-15
5915.61267187835  1.468426E-15
5916.09776771467  1.429850E-15
5916.58286355099  1.481301E-15
5917.06795938732  1.512855E-15
5917.55305522364  1.467922E-15
5918.03815105997  1.497417E-15
5918.52324689629  1.455581E-15
5919.00834273261  1.457244E-15
5919.49343856894  1.491579E-15
5919.97853440526  1.475933E-15
5920.46363024159  1.415344E-15
5920.94872607791  1.415069E-15
5921.43382191424  1.448542E-15
5921.91891775056  1.433538E-15
5922.40401358688  1.443634E-15
5922.88910942321  1.505986E-15
5923.37420525953  1.525768E-15
5923.85930109586  1.479597E-15
5924.34439693218  1.435981E-15
5924.8294927685  1.422480E-15
5925.31458860483  1.464911E-15
5925.79968444115  1.469483E-15
5926.28478027748  1.423289E-15
5926.7698761138  1.404572E-15
5927.25497195012  1.446605E-15
5927.74006778645  1.453233E-15
5928.22516362277  1.427742E-15
5928.7102594591  1.462872E-15
5929.19535529542  1.484587E-15
5929.68045113174  1.433643E-15
5930.16554696807  1.455276E-15
5930.65064280439  1.483353E-15
5931.13573864072  1.495735E-15
5931.62083447704  1.469983E-15
5932.10593031336  1.422965E-15
5932.59102614969  1.481041E-15
5933.07612198601  1.468247E-15
5933.56121782234  1.395025E-15
5934.04631365866  1.408897E-15
5934.53140949498  1.405012E-15
5935.01650533131  1.451611E-15
5935.50160116763  1.509746E-15
5935.98669700396  1.487789E-15
5936.47179284028  1.426088E-15
5936.9568886766  1.421688E-15
5937.44198451293  1.425916E-15
5937.92708034925  1.460159E-15
5938.41217618558  1.447559E-15
5938.8972720219  1.391339E-15
5939.38236785823  1.420584E-15
5939.86746369455  1.441206E-15
5940.35255953087  1.459891E-15
5940.8376553672  1.471658E-15
5941.32275120352  1.468579E-15
5941.80784703985  1.421767E-15
5942.29294287617  1.379621E-15
5942.77803871249  1.393181E-15
5943.26313454882  1.408628E-15
5943.74823038514  1.386889E-15
5944.23332622147  1.413097E-15
5944.71842205779  1.450832E-15
5945.20351789411  1.442149E-15
5945.68861373044  1.413134E-15
5946.17370956676  1.392737E-15
5946.65880540309  1.450902E-15
5947.14390123941  1.479355E-15
5947.62899707573  1.454186E-15
5948.11409291206  1.392170E-15
5948.59918874838  1.352906E-15
5949.08428458471  1.362693E-15
5949.56938042103  1.447354E-15
5950.05447625735  1.484307E-15
5950.53957209368  1.438136E-15
5951.02466793  1.429195E-15
5951.50976376633  1.363495E-15
5951.99485960265  1.369702E-15
5952.47995543898  1.384916E-15
5952.9650512753  1.388232E-15
5953.45014711162  1.439445E-15
5953.93524294795  1.472243E-15
5954.42033878427  1.392074E-15
5954.9054346206  1.383912E-15
5955.39053045692  1.409606E-15
5955.87562629324  1.418450E-15
5956.36072212957  1.434143E-15
5956.84581796589  1.443018E-15
5957.33091380222  1.502524E-15
5957.81600963854  1.460795E-15
5958.30110547486  1.451928E-15
5958.78620131119  1.483360E-15
5959.27129714751  1.442440E-15
5959.75639298384  1.426563E-15
5960.24148882016  1.419273E-15
5960.72658465648  1.401857E-15
5961.21168049281  1.397871E-15
5961.69677632913  1.417815E-15
5962.18187216546  1.452898E-15
5962.66696800178  1.437030E-15
5963.1520638381  1.422599E-15
5963.63715967443  1.421447E-15
5964.12225551075  1.408643E-15
5964.60735134708  1.433132E-15
5965.0924471834  1.411882E-15
5965.57754301973  1.409308E-15
5966.06263885605  1.423284E-15
5966.54773469237  1.477704E-15
5967.0328305287  1.462290E-15
5967.51792636502  1.447978E-15
5968.00302220135  1.432562E-15
5968.48811803767  1.431431E-15
5968.97321387399  1.423827E-15
5969.45830971032  1.421041E-15
5969.94340554664  1.475624E-15
5970.42850138297  1.481543E-15
5970.91359721929  1.422418E-15
5971.39869305561  1.368834E-15
5971.88378889194  1.327696E-15
5972.36888472826  1.331861E-15
5972.85398056459  1.373454E-15
5973.33907640091  1.439271E-15
5973.82417223724  1.456309E-15
5974.30926807356  1.395272E-15
5974.79436390988  1.390435E-15
5975.27945974621  1.444151E-15
5975.76455558253  1.391054E-15
5976.24965141886  1.421045E-15
5976.73474725518  1.445661E-15
5977.2198430915  1.413289E-15
5977.70493892783  1.431485E-15
5978.19003476415  1.458117E-15
5978.67513060048  1.425104E-15
5979.1602264368  1.394922E-15
5979.64532227312  1.407921E-15
5980.13041810945  1.431986E-15
5980.61551394577  1.383485E-15
5981.1006097821  1.434735E-15
5981.58570561842  1.457001E-15
5982.07080145474  1.437828E-15
5982.55589729107  1.411549E-15
5983.04099312739  1.459513E-15
5983.52608896372  1.475335E-15
5984.01118480004  1.438863E-15
5984.49628063637  1.371587E-15
5984.98137647269  1.390437E-15
5985.46647230901  1.429311E-15
5985.95156814534  1.359617E-15
5986.43666398166  1.399109E-15
5986.92175981799  1.455800E-15
5987.40685565431  1.446134E-15
5987.89195149063  1.605622E-15
5988.37704732696  1.620040E-15
5988.86214316328  1.538791E-15
5989.34723899961  1.439778E-15
5989.83233483593  1.381990E-15
5990.31743067225  1.388996E-15
5990.80252650858  1.413210E-15
5991.2876223449  1.439977E-15
5991.77271818123  1.465272E-15
5992.25781401755  1.413174E-15
5992.74290985387  1.392082E-15
5993.2280056902  1.427396E-15
5993.71310152652  1.440665E-15
5994.19819736285  1.428107E-15
5994.68329319917  1.453860E-15
5995.16838903549  1.391056E-15
5995.65348487182  1.408386E-15
5996.13858070814  1.472445E-15
5996.62367654447  1.484847E-15
5997.10877238079  1.484893E-15
5997.59386821712  1.442082E-15
5998.07896405344  1.434725E-15
5998.56405988976  1.385443E-15
5999.04915572609  1.387166E-15
5999.53425156241  1.401470E-15
6000.01934739874  1.447870E-15
6000.50444323506  1.407934E-15
6000.98953907138  1.405203E-15
6001.47463490771  1.442331E-15
6001.95973074403  1.395354E-15
6002.44482658036  1.415158E-15
6002.92992241668  1.439718E-15
6003.415018253  1.426682E-15
6003.90011408933  1.478048E-15
6004.38520992565  1.479836E-15
6004.87030576198  1.439790E-15
6005.3554015983  1.447891E-15
6005.84049743462  1.421490E-15
6006.32559327095  1.418194E-15
6006.81068910727  1.401015E-15
6007.2957849436  1.361456E-15
6007.78088077992  1.400550E-15
6008.26597661625  1.429445E-15
6008.75107245257  1.420303E-15
6009.23616828889  1.374073E-15
6009.72126412522  1.358044E-15
6010.20635996154  1.397735E-15
6010.69145579787  1.402474E-15
6011.17655163419  1.409773E-15
6011.66164747051  1.441117E-15
6012.14674330684  1.411589E-15
6012.63183914316  1.404379E-15
6013.11693497948  1.398124E-15
6013.60203081581  1.457274E-15
6014.08712665213  1.447093E-15
6014.57222248846  1.398810E-15
6015.05731832478  1.379861E-15
6015.54241416111  1.385377E-15
6016.02750999743  1.366434E-15
6016.51260583375  1.375936E-15
6016.99770167008  1.436471E-15
6017.4827975064  1.393614E-15
6017.96789334273  1.355984E-15
6018.45298917905  1.406610E-15
6018.93808501537  1.403971E-15
6019.4231808517  1.404091E-15
6019.90827668802  1.432088E-15
6020.39337252435  1.412976E-15
6020.87846836067  1.426677E-15
6021.36356419699  1.455067E-15
6021.84866003332  1.434415E-15
6022.33375586964  1.363601E-15
6022.81885170597  1.329446E-15
6023.30394754229  1.326525E-15
6023.78904337862  1.356185E-15
6024.27413921494  1.362076E-15
6024.75923505126  1.326780E-15
6025.24433088759  1.377066E-15
6025.72942672391  1.447478E-15
6026.21452256023  1.440140E-15
6026.69961839656  1.435566E-15
6027.18471423288  1.446760E-15
6027.66981006921  1.408077E-15
6028.15490590553  1.400298E-15
6028.64000174185  1.435990E-15
6029.12509757818  1.409882E-15
6029.6101934145  1.381101E-15
6030.09528925083  1.383175E-15
6030.58038508715  1.362896E-15
6031.06548092348  1.407224E-15
6031.5505767598  1.450158E-15
6032.03567259612  1.397191E-15
6032.52076843245  1.407628E-15
6033.00586426877  1.464651E-15
6033.4909601051  1.414574E-15
6033.97605594142  1.353395E-15
6034.46115177774  1.403900E-15
6034.94624761407  1.479545E-15
6035.43134345039  1.441787E-15
6035.91643928672  1.406768E-15
6036.40153512304  1.417837E-15
6036.88663095936  1.433259E-15
6037.37172679569  1.396680E-15
6037.85682263201  1.334770E-15
6038.34191846834  1.362122E-15
6038.82701430466  1.370121E-15
6039.31211014099  1.409231E-15
6039.79720597731  1.406235E-15
6040.28230181364  1.374730E-15
6040.76739764996  1.381249E-15
6041.25249348628  1.421688E-15
6041.73758932261  1.433795E-15
6042.22268515893  1.432080E-15
6042.70778099525  1.476677E-15
6043.19287683158  1.429065E-15
6043.6779726679  1.409057E-15
6044.16306850423  1.413861E-15
6044.64816434055  1.398467E-15
6045.13326017687  1.396532E-15
6045.6183560132  1.394107E-15
6046.10345184952  1.453350E-15
6046.58854768585  1.503768E-15
6047.07364352217  1.474057E-15
6047.5587393585  1.438763E-15
6048.04383519482  1.477748E-15
6048.52893103114  1.389915E-15
6049.01402686747  1.374007E-15
6049.49912270379  1.393146E-15
6049.98421854011  1.437508E-15
6050.46931437644  1.458406E-15
6050.95441021276  1.425809E-15
6051.43950604909  1.395158E-15
6051.92460188541  1.444589E-15
6052.40969772173  1.441219E-15
6052.89479355806  1.371412E-15
6053.37988939438  1.387760E-15
6053.86498523071  1.420479E-15
6054.35008106703  1.400531E-15
6054.83517690336  1.415384E-15
6055.32027273968  1.410996E-15
6055.805368576  1.383727E-15
6056.29046441233  1.379225E-15
6056.77556024865  1.414372E-15
6057.26065608498  1.417113E-15
6057.7457519213  1.399268E-15
6058.23084775762  1.402803E-15
6058.71594359395  1.424015E-15
6059.20103943027  1.427370E-15
6059.6861352666  1.418546E-15
6060.17123110292  1.414411E-15
6060.65632693924  1.438981E-15
6061.14142277557  1.394728E-15
6061.62651861189  1.442139E-15
6062.11161444822  1.465302E-15
6062.59671028454  1.439736E-15
6063.08180612086  1.390685E-15
6063.56690195719  1.397618E-15
6064.05199779351  1.418506E-15
6064.53709362984  1.416126E-15
6065.02218946616  1.441557E-15
6065.50728530249  1.425492E-15
6065.99238113881  1.397744E-15
6066.47747697513  1.409701E-15
6066.96257281146  1.417733E-15
6067.44766864778  1.422422E-15
6067.93276448411  1.418948E-15
6068.41786032043  1.450308E-15
6068.90295615675  1.481196E-15
6069.38805199308  1.409117E-15
6069.8731478294  1.369572E-15
6070.35824366573  1.404710E-15
6070.84333950205  1.426885E-15
6071.32843533837  1.449135E-15
6071.8135311747  1.445326E-15
6072.29862701102  1.431683E-15
6072.78372284735  1.515548E-15
6073.26881868367  1.499613E-15
6073.75391452  1.446882E-15
6074.23901035632  1.422491E-15
6074.72410619264  1.437880E-15
6075.20920202897  1.439595E-15
6075.69429786529  1.433533E-15
6076.17939370162  1.402997E-15
6076.66448953794  1.444646E-15
6077.14958537426  1.467005E-15
6077.63468121059  1.465251E-15
6078.11977704691  1.446720E-15
6078.60487288323  1.448882E-15
6079.08996871956  1.444769E-15
6079.57506455588  1.458774E-15
6080.06016039221  1.388626E-15
6080.54525622853  1.400674E-15
6081.03035206486  1.449758E-15
6081.51544790118  1.461109E-15
6082.0005437375  1.454095E-15
6082.48563957383  1.461232E-15
6082.97073541015  1.434860E-15
6083.45583124648  1.425542E-15
6083.9409270828  1.458862E-15
6084.42602291912  1.492794E-15
6084.91111875545  1.411641E-15
6085.39621459177  1.372429E-15
6085.8813104281  1.432358E-15
6086.36640626442  1.393161E-15
6086.85150210074  1.389424E-15
6087.33659793707  1.381229E-15
6087.82169377339  1.408758E-15
6088.30678960972  1.440781E-15
6088.79188544604  1.417084E-15
6089.27698128236  1.379441E-15
6089.76207711869  1.453246E-15
6090.24717295501  1.472337E-15
6090.73226879134  1.407061E-15
6091.21736462766  1.368136E-15
6091.70246046399  1.442927E-15
6092.18755630031  1.463004E-15
6092.67265213663  1.450508E-15
6093.15774797296  1.456198E-15
6093.64284380928  1.450906E-15
6094.12793964561  1.424710E-15
6094.61303548193  1.409411E-15
6095.09813131825  1.400102E-15
6095.58322715458  1.423610E-15
6096.0683229909  1.435435E-15
6096.55341882723  1.402649E-15
6097.03851466355  1.485706E-15
6097.52361049987  1.496414E-15
6098.0087063362  1.450624E-15
6098.49380217252  1.442880E-15
6098.97889800885  1.467402E-15
6099.46399384517  1.412199E-15
6099.94908968149  1.466383E-15
6100.43418551782  1.500742E-15
6100.91928135414  1.446161E-15
6101.40437719047  1.421802E-15
6101.88947302679  1.458611E-15
6102.37456886311  1.478547E-15
6102.85966469944  1.493429E-15
6103.34476053576  1.471783E-15
6103.82985637209  1.459571E-15
6104.31495220841  1.449581E-15
6104.80004804474  1.455856E-15
6105.28514388106  1.432265E-15
6105.77023971738  1.458052E-15
6106.25533555371  1.435834E-15
6106.74043139003  1.432956E-15
6107.22552722636  1.444630E-15
6107.71062306268  1.464312E-15
6108.195718899  1.458132E-15
6108.68081473533  1.426527E-15
6109.16591057165  1.406409E-15
6109.65100640798  1.462029E-15
6110.1361022443  1.483916E-15
6110.62119808062  1.484016E-15
6111.10629391695  1.468063E-15
6111.59138975327  1.435294E-15
6112.0764855896  1.434719E-15
6112.56158142592  1.434262E-15
6113.04667726224  1.460197E-15
6113.53177309857  1.469726E-15
6114.01686893489  1.449496E-15
6114.50196477122  1.439413E-15
6114.98706060754  1.502791E-15
6115.47215644386  1.509562E-15
6115.95725228019  1.463857E-15
6116.44234811651  1.422906E-15
6116.92744395284  1.421724E-15
6117.41253978916  1.435005E-15
6117.89763562549  1.441521E-15
6118.38273146181  1.417653E-15
6118.86782729813  1.406878E-15
6119.35292313446  1.434973E-15
6119.83801897078  1.449933E-15
6120.32311480711  1.444165E-15
6120.80821064343  1.433838E-15
6121.29330647975  1.424751E-15
6121.77840231608  1.481421E-15
6122.2634981524  1.505585E-15
6122.74859398873  1.483297E-15
6123.23368982505  1.485720E-15
6123.71878566137  1.477615E-15
6124.2038814977  1.449125E-15
6124.68897733402  1.413238E-15
6125.17407317035  1.382109E-15
6125.65916900667  1.375830E-15
6126.144264843  1.404672E-15
6126.62936067932  1.431521E-15
6127.11445651564  1.452342E-15
6127.59955235197  1.442034E-15
6128.08464818829  1.432871E-15
6128.56974402462  1.465896E-15
6129.05483986094  1.481232E-15
6129.53993569726  1.487438E-15
6130.02503153359  1.455748E-15
6130.51012736991  1.417359E-15
6130.99522320624  1.428128E-15
6131.48031904256  1.474099E-15
6131.96541487888  1.493742E-15
6132.45051071521  1.458448E-15
6132.93560655153  1.441709E-15
6133.42070238786  1.446323E-15
6133.90579822418  1.469826E-15
6134.3908940605  1.465454E-15
6134.87598989683  1.408590E-15
6135.36108573315  1.453182E-15
6135.84618156948  1.502791E-15
6136.3312774058  1.501968E-15
6136.81637324213  1.495598E-15
6137.30146907845  1.453459E-15
6137.78656491477  1.445729E-15
6138.2716607511  1.481222E-15
6138.75675658742  1.494622E-15
6139.24185242375  1.504500E-15
6139.72694826007  1.468066E-15
6140.21204409639  1.473042E-15
6140.69713993272  1.490728E-15
6141.18223576904  1.451967E-15
6141.66733160537  1.484096E-15
6142.15242744169  1.442231E-15
6142.63752327801  1.340267E-15
6143.12261911434  1.311738E-15
6143.60771495066  1.280005E-15
6144.09281078699  1.301478E-15
6144.57790662331  1.408845E-15
6145.06300245963  1.387004E-15
6145.54809829596  1.382001E-15
6146.03319413228  1.523693E-15
6146.51828996861  1.564994E-15
6147.00338580493  1.571721E-15
6147.48848164125  1.536883E-15
6147.97357747758  1.501882E-15
6148.4586733139  1.525775E-15
6148.94376915023  1.473904E-15
6149.42886498655  1.465061E-15
6149.91396082288  1.477026E-15
6150.3990566592  1.475034E-15
6150.88415249552  1.433674E-15
6151.36924833185  1.406732E-15
6151.85434416817  1.453849E-15
6152.3394400045  1.415696E-15
6152.82453584082  1.402047E-15
6153.30963167714  1.483433E-15
6153.79472751347  1.478109E-15
6154.27982334979  1.426907E-15
6154.76491918612  1.417911E-15
6155.25001502244  1.432413E-15
6155.73511085876  1.464566E-15
6156.22020669509  1.421270E-15
6156.70530253141  1.365738E-15
6157.19039836774  1.415435E-15
6157.67549420406  1.458985E-15
6158.16059004038  1.446871E-15
6158.64568587671  1.458672E-15
6159.13078171303  1.467016E-15
6159.61587754936  1.461473E-15
6160.10097338568  1.448802E-15
6160.58606922201  1.442628E-15
6161.07116505833  1.425559E-15
6161.55626089465  1.425368E-15
6162.04135673098  1.481581E-15
6162.5264525673  1.461569E-15
6163.01154840362  1.440402E-15
6163.49664423995  1.422992E-15
6163.98174007627  1.390321E-15
6164.4668359126  1.395331E-15
6164.95193174892  1.378605E-15
6165.43702758525  1.417435E-15
6165.92212342157  1.449870E-15
6166.40721925789  1.426288E-15
6166.89231509422  1.426906E-15
6167.37741093054  1.422241E-15
6167.86250676686  1.430477E-15
6168.34760260319  1.444094E-15
6168.83269843951  1.466351E-15
6169.31779427584  1.449286E-15
6169.80289011216  1.409336E-15
6170.28798594849  1.399295E-15
6170.77308178481  1.396325E-15
6171.25817762113  1.425143E-15
6171.74327345746  1.449735E-15
6172.22836929378  1.464074E-15
6172.71346513011  1.471757E-15
6173.19856096643  1.468080E-15
6173.68365680275  1.434105E-15
6174.16875263908  1.416734E-15
6174.6538484754  1.383395E-15
6175.13894431173  1.337379E-15
6175.62404014805  1.336508E-15
6176.10913598437  1.387980E-15
6176.5942318207  1.437003E-15
6177.07932765702  1.432828E-15
6177.56442349335  1.414574E-15
6178.04951932967  1.453977E-15
6178.53461516599  1.501110E-15
6179.01971100232  1.439188E-15
6179.50480683864  1.407995E-15
6179.98990267497  1.426195E-15
6180.47499851129  1.478657E-15
6180.96009434761  1.499447E-15
6181.44519018394  1.473508E-15
6181.93028602026  1.452170E-15
6182.41538185659  1.443258E-15
6182.90047769291  1.407747E-15
6183.38557352924  1.370299E-15
6183.87066936556  1.407023E-15
6184.35576520188  1.399570E-15
6184.84086103821  1.419533E-15
6185.32595687453  1.448347E-15
6185.81105271086  1.423387E-15
6186.29614854718  1.424959E-15
6186.7812443835  1.427987E-15
6187.26634021983  1.416837E-15
6187.75143605615  1.407106E-15
6188.23653189248  1.381230E-15
6188.7216277288  1.377490E-15
6189.20672356512  1.447942E-15
6189.69181940145  1.430532E-15
6190.17691523777  1.414830E-15
6190.6620110741  1.445549E-15
6191.14710691042  1.431013E-15
6191.63220274674  1.404124E-15
6192.11729858307  1.387119E-15
6192.60239441939  1.385759E-15
6193.08749025572  1.381837E-15
6193.57258609204  1.420579E-15
6194.05768192837  1.417942E-15
6194.54277776469  1.398426E-15
6195.02787360101  1.389674E-15
6195.51296943734  1.366114E-15
6195.99806527366  1.355162E-15
6196.48316110999  1.394108E-15
6196.96825694631  1.441474E-15
6197.45335278263  1.405958E-15
6197.93844861896  1.406543E-15
6198.42354445528  1.362834E-15
6198.90864029161  1.382073E-15
6199.39373612793  1.425236E-15
6199.87883196425  1.433990E-15
6200.36392780058  1.400851E-15
6200.8490236369  1.396655E-15
6201.33411947323  1.391155E-15
6201.81921530955  1.449680E-15
6202.30431114587  1.447520E-15
6202.7894069822  1.421225E-15
6203.27450281852  1.424182E-15
6203.75959865485  1.405303E-15
6204.24469449117  1.411947E-15
6204.72979032749  1.446250E-15
6205.21488616382  1.450858E-15
6205.69998200014  1.443575E-15
6206.18507783647  1.428279E-15
6206.67017367279  1.440753E-15
6207.15526950911  1.451937E-15
6207.64036534544  1.427222E-15
6208.12546118176  1.421146E-15
6208.61055701809  1.381604E-15
6209.09565285441  1.398100E-15
6209.58074869074  1.442671E-15
6210.06584452706  1.473730E-15
6210.55094036338  1.480374E-15
6211.03603619971  1.430889E-15
6211.52113203603  1.422749E-15
6212.00622787236  1.381519E-15
6212.49132370868  1.457797E-15
6212.97641954501  1.493262E-15
6213.46151538133  1.440106E-15
6213.94661121765  1.451678E-15
6214.43170705398  1.373528E-15
6214.9168028903  1.393322E-15
6215.40189872662  1.405085E-15
6215.88699456295  1.394378E-15
6216.37209039927  1.395218E-15
6216.8571862356  1.408394E-15
6217.34228207192  1.402305E-15
6217.82737790825  1.411388E-15
6218.31247374457  1.412171E-15
6218.79756958089  1.399585E-15
6219.28266541722  1.428043E-15
6219.76776125354  1.510785E-15
6220.25285708987  1.476968E-15
6220.73795292619  1.431806E-15
6221.22304876251  1.432300E-15
6221.70814459884  1.427710E-15
6222.19324043516  1.467508E-15
6222.67833627149  1.482825E-15
6223.16343210781  1.442410E-15
6223.64852794413  1.442342E-15
6224.13362378046  1.430309E-15
6224.61871961678  1.420288E-15
6225.10381545311  1.462451E-15
6225.58891128943  1.447380E-15
6226.07400712576  1.470266E-15
6226.55910296208  1.459699E-15
6227.0441987984  1.434592E-15
6227.52929463473  1.454855E-15
6228.01439047105  1.432840E-15
6228.49948630738  1.418295E-15
6228.9845821437  1.479946E-15
6229.46967798002  1.492223E-15
6229.95477381635  1.446417E-15
6230.43986965267  1.482112E-15
6230.92496548899  1.452417E-15
6231.41006132532  1.427721E-15
6231.89515716164  1.428851E-15
6232.38025299797  1.356553E-15
6232.86534883429  1.374273E-15
6233.35044467062  1.383231E-15
6233.83554050694  1.290908E-15
6234.32063634326  1.209588E-15
6234.80573217959  1.254316E-15
6235.29082801591  1.418888E-15
6235.77592385224  1.420694E-15
6236.26101968856  1.434620E-15
6236.74611552488  1.445365E-15
6237.23121136121  1.510112E-15
6237.71630719753  1.435854E-15
6238.20140303386  1.427413E-15
6238.68649887018  1.436835E-15
6239.1715947065  1.440833E-15
6239.65669054283  1.429031E-15
6240.14178637915  1.430238E-15
6240.62688221548  1.430064E-15
6241.1119780518  1.445575E-15
6241.59707388812  1.423305E-15
6242.08216972445  1.398740E-15
6242.56726556077  1.403763E-15
6243.0523613971  1.338164E-15
6243.53745723342  1.262398E-15
6244.02255306975  1.286608E-15
6244.50764890607  1.478092E-15
6244.99274474239  1.598027E-15
6245.47784057872  1.566901E-15
6245.96293641504  1.519952E-15
6246.44803225137  1.522783E-15
6246.93312808769  1.507465E-15
6247.41822392401  1.412955E-15
6247.90331976034  1.410968E-15
6248.38841559666  1.397833E-15
6248.87351143299  1.425718E-15
6249.35860726931  1.438955E-15
6249.84370310563  1.428017E-15
6250.32879894196  1.454164E-15
6250.81389477828  1.434010E-15
6251.29899061461  1.445676E-15
6251.78408645093  1.439229E-15
6252.26918228725  1.490332E-15
6252.75427812358  1.464817E-15
6253.2393739599  1.415530E-15
6253.72446979623  1.394883E-15
6254.20956563255  1.379048E-15
6254.69466146887  1.434402E-15
6255.1797573052  1.410676E-15
6255.66485314152  1.404199E-15
6256.14994897785  1.369649E-15
6256.63504481417  1.409532E-15
6257.1201406505  1.416353E-15
6257.60523648682  1.419869E-15
6258.09033232314  1.460371E-15
6258.57542815947  1.418883E-15
6259.06052399579  1.395614E-15
6259.54561983212  1.401651E-15
6260.03071566844  1.407373E-15
6260.51581150476  1.415533E-15
6261.00090734109  1.378815E-15
6261.48600317741  1.427093E-15
6261.97109901374  1.426846E-15
6262.45619485006  1.408899E-15
6262.94129068638  1.375762E-15
6263.42638652271  1.424716E-15
6263.91148235903  1.505385E-15
6264.39657819536  1.467785E-15
6264.88167403168  1.372327E-15
6265.366769868  1.359449E-15
6265.85186570433  1.442128E-15
6266.33696154065  1.477218E-15
6266.82205737698  1.461569E-15
6267.3071532133  1.500945E-15
6267.79224904962  1.453346E-15
6268.27734488595  1.353604E-15
6268.76244072227  1.403974E-15
6269.2475365586  1.447211E-15
6269.73263239492  1.423038E-15
6270.21772823125  1.420909E-15
6270.70282406757  1.431167E-15
6271.18791990389  1.373325E-15
6271.67301574022  1.380869E-15
6272.15811157654  1.411738E-15
6272.64320741287  1.431814E-15
6273.12830324919  1.389600E-15
6273.61339908551  1.372963E-15
6274.09849492184  1.373340E-15
6274.58359075816  1.368718E-15
6275.06868659449  1.394921E-15
6275.55378243081  1.400597E-15
6276.03887826713  1.355676E-15
6276.52397410346  1.318752E-15
6277.00906993978  1.395157E-15
6277.49416577611  1.426321E-15
6277.97926161243  1.396255E-15
6278.46435744875  1.342445E-15
6278.94945328508  1.361729E-15
6279.4345491214  1.407424E-15
6279.91964495773  1.407691E-15
6280.40474079405  1.368448E-15
6280.88983663038  1.375761E-15
6281.3749324667  1.335663E-15
6281.86002830302  1.364202E-15
6282.34512413935  1.380346E-15
6282.83021997567  1.381725E-15
6283.315315812  1.386498E-15
6283.80041164832  1.343825E-15
6284.28550748464  1.367180E-15
6284.77060332097  1.338554E-15
6285.25569915729  1.346544E-15
6285.74079499362  1.384919E-15
6286.22589082994  1.366250E-15
6286.71098666626  1.337621E-15
6287.19608250259  1.405828E-15
6287.68117833891  1.380185E-15
6288.16627417524  1.373254E-15
6288.65137001156  1.394819E-15
6289.13646584789  1.402623E-15
6289.62156168421  1.373003E-15
6290.10665752053  1.374997E-15
6290.59175335686  1.398186E-15
6291.07684919318  1.388105E-15
6291.56194502951  1.352665E-15
6292.04704086583  1.374212E-15
6292.53213670215  1.408023E-15
6293.01723253848  1.408111E-15
6293.5023283748  1.408410E-15
6293.98742421113  1.404673E-15
6294.47252004745  1.390946E-15
6294.95761588377  1.368460E-15
6295.4427117201  1.422171E-15
6295.92780755642  1.408695E-15
6296.41290339275  1.446560E-15
6296.89799922907  1.478566E-15
6297.38309506539  1.416959E-15
6297.86819090172  1.465614E-15
6298.35328673804  1.465186E-15
6298.83838257437  1.389531E-15
6299.32347841069  1.418150E-15
6299.80857424702  1.410971E-15
6300.29367008334  1.422861E-15
6300.77876591966  1.440898E-15
6301.26386175599  1.463335E-15
6301.74895759231  1.403574E-15
6302.23405342864  1.457100E-15
6302.71914926496  1.474193E-15
6303.20424510128  1.464243E-15
6303.68934093761  1.433457E-15
6304.17443677393  1.439963E-15
6304.65953261026  1.400770E-15
6305.14462844658  1.379762E-15
6305.6297242829  1.356553E-15
6306.11482011923  1.358118E-15
6306.59991595555  1.359090E-15
6307.08501179188  1.403901E-15
6307.5701076282  1.409243E-15
6308.05520346452  1.411095E-15
6308.54029930085  1.394803E-15
6309.02539513717  1.391013E-15
6309.5104909735  1.451352E-15
6309.99558680982  1.490188E-15
6310.48068264614  1.462755E-15
6310.96577848247  1.436609E-15
6311.45087431879  1.386097E-15
6311.93597015512  1.396103E-15
6312.42106599144  1.432084E-15
6312.90616182776  1.434942E-15
6313.39125766409  1.371244E-15
6313.87635350041  1.367837E-15
6314.36144933674  1.433435E-15
6314.84654517306  1.490141E-15
6315.33164100939  1.437488E-15
6315.81673684571  1.462407E-15
6316.30183268203  1.390301E-15
6316.78692851836  1.334788E-15
6317.27202435468  1.378543E-15
6317.757120191  1.427430E-15
6318.24221602733  1.397134E-15
6318.72731186365  1.404757E-15
6319.21240769998  1.417954E-15
6319.6975035363  1.410184E-15
6320.18259937263  1.404260E-15
6320.66769520895  1.396090E-15
6321.15279104527  1.398472E-15
6321.6378868816  1.415028E-15
6322.12298271792  1.449402E-15
6322.60807855425  1.462711E-15
6323.09317439057  1.447347E-15
6323.57827022689  1.422423E-15
6324.06336606322  1.423207E-15
6324.54846189954  1.458135E-15
6325.03355773587  1.427359E-15
6325.51865357219  1.419574E-15
6326.00374940851  1.400272E-15
6326.48884524484  1.427917E-15
6326.97394108116  1.418435E-15
6327.45903691749  1.380343E-15
6327.94413275381  1.362674E-15
6328.42922859013  1.428299E-15
6328.91432442646  1.483778E-15
6329.39942026278  1.522461E-15
6329.88451609911  1.471065E-15
6330.36961193543  1.396866E-15
6330.85470777175  1.417910E-15
6331.33980360808  1.358124E-15
6331.8248994444  1.397467E-15
6332.30999528073  1.371364E-15
6332.79509111705  1.433475E-15
6333.28018695338  1.465112E-15
6333.7652827897  1.420160E-15
6334.25037862602  1.400372E-15
6334.73547446235  1.455196E-15
6335.22057029867  1.560942E-15
6335.705666135  1.479346E-15
6336.19076197132  1.411876E-15
6336.67585780764  1.457588E-15
6337.16095364397  1.444760E-15
6337.64604948029  1.440102E-15
6338.13114531662  1.417100E-15
6338.61624115294  1.402552E-15
6339.10133698926  1.400116E-15
6339.58643282559  1.404890E-15
6340.07152866191  1.415382E-15
6340.55662449824  1.421932E-15
6341.04172033456  1.463016E-15
6341.52681617088  1.440825E-15
6342.01191200721  1.389724E-15
6342.49700784353  1.351780E-15
6342.98210367986  1.259845E-15
6343.46719951618  1.228303E-15
6343.9522953525  1.298187E-15
6344.43739118883  1.360341E-15
6344.92248702515  1.352727E-15
6345.40758286148  1.423723E-15
6345.8926786978  1.385001E-15
6346.37777453412  1.388553E-15
6346.86287037045  1.386324E-15
6347.34796620677  1.358609E-15
6347.8330620431  1.364328E-15
6348.31815787942  1.435616E-15
6348.80325371575  1.507842E-15
6349.28834955207  1.486173E-15
6349.77344538839  1.480020E-15
6350.25854122472  1.453467E-15
6350.74363706104  1.459205E-15
6351.22873289737  1.387544E-15
6351.71382873369  1.387804E-15
6352.19892457001  1.441255E-15
6352.68402040634  1.472604E-15
6353.16911624266  1.467071E-15
6353.65421207899  1.436922E-15
6354.13930791531  1.403024E-15
6354.62440375163  1.429795E-15
6355.10949958796  1.474908E-15
6355.59459542428  1.458130E-15
6356.07969126061  1.449950E-15
6356.56478709693  1.433230E-15
6357.04988293325  1.462227E-15
6357.53497876958  1.426398E-15
6358.0200746059  1.447949E-15
6358.50517044223  1.426099E-15
6358.99026627855  1.473261E-15
6359.47536211487  1.452229E-15
6359.9604579512  1.440138E-15
6360.44555378752  1.486695E-15
6360.93064962385  1.454008E-15
6361.41574546017  1.505403E-15
6361.90084129649  1.502541E-15
6362.38593713282  1.519316E-15
6362.87103296914  1.431432E-15
6363.35612880547  1.437295E-15
6363.84122464179  1.482849E-15
6364.32632047812  1.497001E-15
6364.81141631444  1.446064E-15
6365.29651215077  1.365158E-15
6365.78160798709  1.376681E-15
6366.26670382341  1.504609E-15
6366.75179965974  1.467742E-15
6367.23689549606  1.374473E-15
6367.72199133238  1.292219E-15
6368.20708716871  1.392096E-15
6368.69218300503  1.443087E-15
6369.17727884136  1.502498E-15
6369.66237467768  1.478074E-15
6370.14747051401  1.466762E-15
6370.63256635033  1.423266E-15
6371.11766218665  1.434712E-15
6371.60275802298  1.487373E-15
6372.0878538593  1.501284E-15
6372.57294969563  1.477236E-15
6373.05804553195  1.495588E-15
6373.54314136827  1.459322E-15
6374.0282372046  1.438907E-15
6374.51333304092  1.496677E-15
6374.99842887725  1.427117E-15
6375.48352471357  1.420811E-15
6375.96862054989  1.434083E-15
6376.45371638622  1.405177E-15
6376.93881222254  1.413085E-15
6377.42390805887  1.509493E-15
6377.90900389519  1.511645E-15
6378.39409973151  1.489811E-15
6378.87919556784  1.469663E-15
6379.36429140416  1.459555E-15
6379.84938724049  1.499894E-15
6380.33448307681  1.485172E-15
6380.81957891314  1.456022E-15
6381.30467474946  1.494923E-15
6381.78977058578  1.539367E-15
6382.27486642211  1.470319E-15
6382.75996225843  1.466769E-15
6383.24505809475  1.536088E-15
6383.73015393108  1.515323E-15
6384.2152497674  1.483863E-15
6384.70034560373  1.432234E-15
6385.18544144005  1.452291E-15
6385.67053727638  1.489128E-15
6386.1556331127  1.446482E-15
6386.64072894902  1.484751E-15
6387.12582478535  1.526536E-15
6387.61092062167  1.505139E-15
6388.096016458  1.461559E-15
6388.58111229432  1.475553E-15
6389.06620813064  1.480230E-15
6389.55130396697  1.475492E-15
6390.03639980329  1.484980E-15
6390.52149563962  1.515042E-15
6391.00659147594  1.546175E-15
6391.49168731226  1.491802E-15
6391.97678314859  1.468984E-15
6392.46187898491  1.474425E-15
6392.94697482124  1.521104E-15
6393.43207065756  1.506231E-15
6393.91716649388  1.484094E-15
6394.40226233021  1.464537E-15
6394.88735816653  1.422501E-15
6395.37245400286  1.483116E-15
6395.85754983918  1.529356E-15
6396.34264567551  1.526694E-15
6396.82774151183  1.514860E-15
6397.31283734815  1.523280E-15
6397.79793318448  1.474737E-15
6398.2830290208  1.509148E-15
6398.76812485713  1.531872E-15
6399.25322069345  1.468490E-15
6399.73831652977  1.518224E-15
6400.2234123661  1.527505E-15
6400.70850820242  1.480662E-15
6401.19360403875  1.471904E-15
6401.67869987507  1.449502E-15
6402.16379571139  1.542317E-15
6402.64889154772  1.522402E-15
6403.13398738404  1.485007E-15
6403.61908322037  1.444838E-15
6404.10417905669  1.466121E-15
6404.58927489301  1.573338E-15
6405.07437072934  1.605007E-15
6405.55946656566  1.511894E-15
6406.04456240199  1.473807E-15
6406.52965823831  1.473117E-15
6407.01475407463  1.479683E-15
6407.49984991096  1.480849E-15
6407.98494574728  1.427117E-15
6408.47004158361  1.469648E-15
6408.95513741993  1.493452E-15
6409.44023325626  1.504629E-15
6409.92532909258  1.497423E-15
6410.4104249289  1.538998E-15
6410.89552076523  1.502892E-15
6411.38061660155  1.475134E-15
6411.86571243788  1.454158E-15
6412.3508082742  1.426597E-15
6412.83590411052  1.378203E-15
6413.32099994685  1.437369E-15
6413.80609578317  1.622228E-15
6414.2911916195  1.659791E-15
6414.77628745582  1.548386E-15
6415.26138329214  1.535669E-15
6415.74647912847  1.559800E-15
6416.23157496479  1.521919E-15
6416.71667080112  1.497437E-15
6417.20176663744  1.502113E-15
6417.68686247376  1.499386E-15
6418.17195831009  1.557344E-15
6418.65705414641  1.564609E-15
6419.14214998274  1.525996E-15
6419.62724581906  1.529965E-15
6420.11234165538  1.553042E-15
6420.59743749171  1.573533E-15
6421.08253332803  1.534912E-15
6421.56762916436  1.476879E-15
6422.05272500068  1.526093E-15
6422.53782083701  1.555242E-15
6423.02291667333  1.518978E-15
6423.50801250965  1.529845E-15
6423.99310834598  1.562923E-15
6424.4782041823  1.542826E-15
6424.96330001863  1.518333E-15
6425.44839585495  1.483302E-15
6425.93349169127  1.509095E-15
6426.4185875276  1.511081E-15
6426.90368336392  1.510702E-15
6427.38877920025  1.540006E-15
6427.87387503657  1.523129E-15
6428.35897087289  1.486389E-15
6428.84406670922  1.546808E-15
6429.32916254554  1.642472E-15
6429.81425838187  1.682607E-15
6430.29935421819  1.639886E-15
6430.78445005451  1.674019E-15
6431.26954589084  1.636494E-15
6431.75464172716  1.570472E-15
6432.23973756349  1.535088E-15
6432.72483339981  1.578479E-15
6433.20992923613  1.556702E-15
6433.69502507246  1.533826E-15
6434.18012090878  1.563602E-15
6434.66521674511  1.576934E-15
6435.15031258143  1.584642E-15
6435.63540841776  1.544970E-15
6436.12050425408  1.495168E-15
6436.6056000904  1.501270E-15
6437.09069592673  1.535157E-15
6437.57579176305  1.558004E-15
6438.06088759938  1.551902E-15
6438.5459834357  1.550600E-15
6439.03107927202  1.568356E-15
6439.51617510835  1.603576E-15
6440.00127094467  1.595113E-15
6440.486366781  1.549095E-15
6440.97146261732  1.553417E-15
6441.45655845364  1.599143E-15
6441.94165428997  1.518546E-15
6442.42675012629  1.431403E-15
6442.91184596262  1.483763E-15
6443.39694179894  1.581450E-15
6443.88203763527  1.600417E-15
6444.36713347159  1.572878E-15
6444.85222930791  1.592776E-15
6445.33732514424  1.640129E-15
6445.82242098056  1.612677E-15
6446.30751681689  1.550408E-15
6446.79261265321  1.556921E-15
6447.27770848953  1.558397E-15
6447.76280432586  1.584234E-15
6448.24790016218  1.552697E-15
6448.73299599851  1.532897E-15
6449.21809183483  1.542534E-15
6449.70318767115  1.567328E-15
6450.18828350748  1.550253E-15
6450.6733793438  1.560656E-15
6451.15847518013  1.583926E-15
6451.64357101645  1.532870E-15
6452.12866685278  1.355852E-15
6452.6137626891  1.298464E-15
6453.09885852542  1.584745E-15
6453.58395436175  1.710176E-15
6454.06905019807  1.677657E-15
6454.5541460344  1.694020E-15
6455.03924187072  1.689398E-15
6455.52433770704  1.584149E-15
6456.00943354337  1.561406E-15
6456.49452937969  1.590342E-15
6456.97962521602  1.577552E-15
6457.46472105234  1.624734E-15
6457.94981688866  1.608079E-15
6458.43491272499  1.572900E-15
6458.92000856131  1.615431E-15
6459.40510439764  1.625625E-15
6459.89020023396  1.591457E-15
6460.37529607028  1.670526E-15
6460.86039190661  1.660582E-15
6461.34548774293  1.668590E-15
6461.83058357926  1.596824E-15
6462.31567941558  1.580983E-15
6462.8007752519  1.611468E-15
6463.28587108823  1.593948E-15
6463.77096692455  1.575015E-15
6464.25606276088  1.609639E-15
6464.7411585972  1.648553E-15
6465.22625443352  1.633921E-15
6465.71135026985  1.620288E-15
6466.19644610617  1.576288E-15
6466.6815419425  1.651624E-15
6467.16663777882  1.676286E-15
6467.65173361514  1.626840E-15
6468.13682945147  1.639844E-15
6468.62192528779  1.657243E-15
6469.10702112412  1.665656E-15
6469.59211696044  1.607329E-15
6470.07721279677  1.611588E-15
6470.56230863309  1.705557E-15
6471.04740446941  1.730153E-15
6471.53250030574  1.700311E-15
6472.01759614206  1.702988E-15
6472.50269197838  1.630792E-15
6472.98778781471  1.606499E-15
6473.47288365103  1.647214E-15
6473.95797948736  1.662374E-15
6474.44307532368  1.626326E-15
6474.92817116001  1.658533E-15
6475.41326699633  1.655855E-15
6475.89836283265  1.661311E-15
6476.38345866898  1.649854E-15
6476.8685545053  1.675625E-15
6477.35365034163  1.656266E-15
6477.83874617795  1.610849E-15
6478.32384201428  1.572995E-15
6478.8089378506  1.614486E-15
6479.29403368692  1.649480E-15
6479.77912952325  1.641800E-15
6480.26422535957  1.645952E-15
6480.74932119589  1.636232E-15
6481.23441703222  1.679940E-15
6481.71951286854  1.652953E-15
6482.20460870487  1.659526E-15
6482.68970454119  1.649178E-15
6483.17480037751  1.621130E-15
6483.65989621384  1.669307E-15
6484.14499205016  1.722285E-15
6484.63008788649  1.699219E-15
6485.11518372281  1.729774E-15
6485.60027955914  1.780292E-15
6486.08537539546  1.786937E-15
6486.57047123178  1.757554E-15
6487.05556706811  1.638698E-15
6487.54066290443  1.510878E-15
6488.02575874076  1.544107E-15
6488.51085457708  1.698738E-15
6488.9959504134  1.755649E-15
6489.48104624973  1.782652E-15
6489.96614208605  1.747042E-15
6490.45123792237  1.728440E-15
6490.9363337587  1.748335E-15
6491.42142959502  1.716166E-15
6491.90652543135  1.755998E-15
6492.39162126767  1.761917E-15
6492.876717104  1.763731E-15
6493.36181294032  1.763394E-15
6493.84690877664  1.753276E-15
6494.33200461297  1.747238E-15
6494.81710044929  1.754962E-15
6495.30219628562  1.770448E-15
6495.78729212194  1.745727E-15
6496.27238795826  1.719381E-15
6496.75748379459  1.757044E-15
6497.24257963091  1.813843E-15
6497.72767546724  1.768590E-15
6498.21277130356  1.711311E-15
6498.69786713988  1.744392E-15
6499.18296297621  1.787814E-15
6499.66805881253  1.802562E-15
6500.15315464886  1.807342E-15
6500.63825048518  1.810056E-15
6501.1233463215  1.772279E-15
6501.60844215783  1.774128E-15
6502.09353799415  1.757958E-15
6502.57863383048  1.784871E-15
6503.0637296668  1.789390E-15
6503.54882550313  1.754786E-15
6504.03392133945  1.802289E-15
6504.51901717577  1.791063E-15
6505.0041130121  1.773256E-15
6505.48920884842  1.791279E-15
6505.97430468474  1.800465E-15
6506.45940052107  1.809967E-15
6506.94449635739  1.811679E-15
6507.42959219372  1.823545E-15
6507.91468803004  1.826205E-15
6508.39978386637  1.797401E-15
6508.88487970269  1.776677E-15
6509.36997553901  1.788675E-15
6509.85507137534  1.826926E-15
6510.34016721166  1.855899E-15
6510.82526304799  1.828356E-15
6511.31035888431  1.770650E-15
6511.79545472063  1.657569E-15
6512.28055055696  1.611180E-15
6512.76564639328  1.917479E-15
6513.25074222961  2.110790E-15
6513.73583806593  2.037706E-15
6514.22093390225  1.999801E-15
6514.70602973858  1.906015E-15
6515.1911255749  1.875057E-15
6515.67622141123  1.883677E-15
6516.16131724755  1.905434E-15
6516.64641308388  1.851357E-15
6517.1315089202  1.804158E-15
6517.61660475652  1.839608E-15
6518.10170059285  1.861900E-15
6518.58679642917  1.852498E-15
6519.0718922655  1.910119E-15
6519.55698810182  1.948888E-15
6520.04208393815  1.926041E-15
6520.52717977447  1.945627E-15
6521.01227561079  1.994665E-15
6521.49737144712  1.983488E-15
6521.98246728344  1.947795E-15
6522.46756311976  2.015576E-15
6522.95265895609  2.022285E-15
6523.43775479241  1.980990E-15
6523.92285062874  1.991705E-15
6524.40794646506  1.997026E-15
6524.89304230138  1.976369E-15
6525.37813813771  1.982121E-15
6525.86323397403  1.935982E-15
6526.34832981036  1.937035E-15
6526.83342564668  1.991548E-15
6527.31852148301  2.025207E-15
6527.80361731933  2.047200E-15
6528.28871315565  2.035367E-15
6528.77380899198  2.080970E-15
6529.2589048283  2.174843E-15
6529.74400066463  2.125552E-15
6530.22909650095  2.132852E-15
6530.71419233727  2.139964E-15
6531.1992881736  2.109231E-15
6531.68438400992  2.171549E-15
6532.16947984625  2.216076E-15
6532.65457568257  2.192922E-15
6533.13967151889  2.196901E-15
6533.62476735522  2.191115E-15
6534.10986319154  2.166950E-15
6534.59495902787  2.217286E-15
6535.08005486419  2.213864E-15
6535.56515070052  2.265857E-15
6536.05024653684  2.257857E-15
6536.53534237316  2.216951E-15
6537.02043820949  2.223537E-15
6537.50553404581  2.285387E-15
6537.99062988213  2.391221E-15
6538.47572571846  2.419696E-15
6538.96082155478  2.445181E-15
6539.44591739111  2.490895E-15
6539.93101322743  2.422821E-15
6540.41610906376  2.430748E-15
6540.90120490008  2.529595E-15
6541.3863007364  2.587968E-15
6541.87139657273  2.640932E-15
6542.35649240905  2.675522E-15
6542.84158824538  2.622474E-15
6543.3266840817  2.620257E-15
6543.81177991802  2.722823E-15
6544.29687575435  2.879259E-15
6544.78197159067  2.890789E-15
6545.267067427  2.841185E-15
6545.75216326332  2.836952E-15
6546.23725909964  2.895651E-15
6546.72235493597  2.877498E-15
6547.20745077229  2.913299E-15
6547.69254660862  2.963594E-15
6548.17764244494  3.005633E-15
6548.66273828126  3.033189E-15
6549.14783411759  3.095620E-15
6549.63292995391  3.135011E-15
6550.11802579024  3.176713E-15
6550.60312162656  3.287392E-15
6551.08821746289  3.353132E-15
6551.57331329921  3.325964E-15
6552.05840913553  3.330549E-15
6552.54350497186  3.426536E-15
6553.02860080818  3.478156E-15
6553.51369664451  3.575581E-15
6553.99879248083  3.638389E-15
6554.48388831715  3.758928E-15
6554.96898415348  3.730860E-15
6555.4540799898  3.761327E-15
6555.93917582613  3.933458E-15
6556.42427166245  4.241393E-15
6556.90936749877  4.557941E-15
6557.3944633351  4.648572E-15
6557.87955917142  4.352146E-15
6558.36465500775  3.594818E-15
6558.84975084407  3.345719E-15
6559.33484668039  5.716225E-15
6559.81994251672  1.129414E-14
6560.30503835304  1.500393E-14
6560.79013418937  1.374499E-14
6561.27523002569  1.044174E-14
6561.76032586202  7.305751E-15
6562.24542169834  5.534912E-15
6562.73051753466  4.841809E-15
6563.21561337099  4.483462E-15
6563.70070920731  4.186898E-15
6564.18580504364  4.100647E-15
6564.67090087996  3.962746E-15
6565.15599671628  3.791341E-15
6565.64109255261  3.706887E-15
6566.12618838893  3.578984E-15
6566.61128422526  3.600743E-15
6567.09638006158  3.604120E-15
6567.5814758979  3.461428E-15
6568.06657173423  3.403291E-15
6568.55166757055  3.385532E-15
6569.03676340688  3.387463E-15
6569.5218592432  3.285755E-15
6570.00695507952  3.114511E-15
6570.49205091585  3.021456E-15
6570.97714675217  3.114578E-15
6571.4622425885  3.111429E-15
6571.94733842482  3.027097E-15
6572.43243426114  2.951213E-15
6572.91753009747  2.969060E-15
6573.40262593379  2.862021E-15
6573.88772177012  2.827796E-15
6574.37281760644  2.843229E-15
6574.85791344277  2.852123E-15
6575.34300927909  2.734598E-15
6575.82810511541  2.645622E-15
6576.31320095174  2.652844E-15
6576.79829678806  2.690376E-15
6577.28339262439  2.668285E-15
6577.76848846071  2.581658E-15
6578.25358429703  2.521353E-15
6578.73868013336  2.562166E-15
6579.22377596968  2.557955E-15
6579.70887180601  2.596880E-15
6580.19396764233  2.678975E-15
6580.67906347865  2.742363E-15
6581.16415931498  2.612008E-15
6581.6492551513  2.420826E-15
6582.13435098763  2.297997E-15
6582.61944682395  2.307685E-15
6583.10454266027  2.312836E-15
6583.5896384966  2.310659E-15
6584.07473433292  2.264223E-15
6584.55983016925  2.257200E-15
6585.04492600557  2.193830E-15
6585.53002184189  2.148198E-15
6586.01511767822  2.196184E-15
6586.50021351454  2.138273E-15
6586.98530935087  2.144060E-15
6587.47040518719  2.194893E-15
6587.95550102351  2.144403E-15
6588.44059685984  2.126836E-15
6588.92569269616  2.062131E-15
6589.41078853249  2.050976E-15
6589.89588436881  2.050543E-15
6590.38098020514  2.071315E-15
6590.86607604146  2.008535E-15
6591.35117187778  1.993736E-15
6591.83626771411  2.043436E-15
6592.32136355043  2.077366E-15
6592.80645938676  2.062946E-15
6593.29155522308  2.009350E-15
6593.7766510594  1.999990E-15
6594.26174689573  1.995309E-15
6594.74684273205  1.969842E-15
6595.23193856838  1.998989E-15
6595.7170344047  2.019070E-15
6596.20213024103  1.947107E-15
6596.68722607735  1.881684E-15
6597.17232191367  1.898280E-15
6597.65741775  1.980903E-15
6598.14251358632  1.938341E-15
6598.62760942265  1.890023E-15
6599.11270525897  1.896736E-15
6599.59780109529  1.887493E-15
6600.08289693162  1.855525E-15
6600.56799276794  1.367633E-15
6601.05308860427  9.082611E-16
6601.53818444059  1.743990E-15
6602.02328027691  1.825496E-15
6602.50837611324  1.778208E-15
6602.99347194956  1.809181E-15
6603.47856778589  1.804014E-15
6603.96366362221  1.803158E-15
6604.44875945853  1.776624E-15
6604.93385529486  1.799845E-15
6605.41895113118  1.796142E-15
6605.90404696751  1.811049E-15
6606.38914280383  1.839192E-15
6606.87423864016  1.803416E-15
6607.35933447648  1.791962E-15
6607.8444303128  1.736786E-15
6608.32952614913  1.757941E-15
6608.81462198545  1.756008E-15
6609.29971782178  1.736058E-15
6609.7848136581  1.775902E-15
6610.26990949442  1.757427E-15
6610.75500533075  1.704900E-15
6611.24010116707  1.658920E-15
6611.7251970034  1.667868E-15
6612.21029283972  1.701410E-15
6612.69538867604  1.734813E-15
6613.18048451237  1.683242E-15
6613.66558034869  1.735415E-15
6614.15067618501  1.742950E-15
6614.63577202134  1.743292E-15
6615.12086785766  1.798947E-15
6615.60596369399  1.725407E-15
6616.09105953031  1.673977E-15
6616.57615536664  1.738457E-15
6617.06125120296  1.744687E-15
6617.54634703928  1.704833E-15
6618.03144287561  1.729507E-15
6618.51653871193  1.697613E-15
6619.00163454826  1.664083E-15
6619.48673038458  1.690169E-15
6619.9718262209  1.696908E-15
6620.45692205723  1.674601E-15
6620.94201789355  1.654360E-15
6621.42711372988  1.615571E-15
6621.9122095662  1.596346E-15
6622.39730540252  1.619737E-15
6622.88240123885  1.664891E-15
6623.36749707517  1.651991E-15
6623.8525929115  1.605576E-15
6624.33768874782  1.641548E-15
6624.82278458415  1.668663E-15
6625.30788042047  1.644272E-15
6625.79297625679  1.628601E-15
6626.27807209312  1.584852E-15
6626.76316792944  1.552360E-15
6627.24826376576  1.613272E-15
6627.73335960209  1.668649E-15
6628.21845543841  1.660340E-15
6628.70355127474  1.668037E-15
6629.18864711106  1.620659E-15
6629.67374294739  1.584172E-15
6630.15883878371  1.624962E-15
6630.64393462003  1.644531E-15
6631.12903045636  1.612301E-15
6631.61412629268  1.545534E-15
6632.09922212901  1.545927E-15
6632.58431796533  1.625722E-15
6633.06941380165  1.688945E-15
6633.55450963798  1.624985E-15
6634.0396054743  1.590291E-15
6634.52470131063  1.613999E-15
6635.00979714695  1.589761E-15
6635.49489298327  1.548789E-15
6635.9799888196  1.579106E-15
6636.46508465592  1.626070E-15
6636.95018049225  1.652381E-15
6637.43527632857  1.583659E-15
6637.9203721649  1.578647E-15
6638.40546800122  1.598081E-15
6638.89056383754  1.549774E-15
6639.37565967387  1.521127E-15
6639.86075551019  1.554858E-15
6640.34585134652  1.560513E-15
6640.83094718284  1.568606E-15
6641.31604301916  1.623142E-15
6641.80113885549  1.622489E-15
6642.28623469181  1.601307E-15
6642.77133052813  1.561912E-15
6643.25642636446  1.557571E-15
6643.74152220078  1.610677E-15
6644.22661803711  1.628845E-15
6644.71171387343  1.590636E-15
6645.19680970976  1.569499E-15
6645.68190554608  1.567814E-15
6646.1670013824  1.565947E-15
6646.65209721873  1.517096E-15
6647.13719305505  1.557896E-15
6647.62228889138  1.569909E-15
6648.1073847277  1.577204E-15
6648.59248056402  1.559161E-15
6649.07757640035  1.523455E-15
6649.56267223667  1.563176E-15
6650.047768073  1.574368E-15
6650.53286390932  1.542516E-15
6651.01795974564  1.548222E-15
6651.50305558197  1.542991E-15
6651.98815141829  1.526456E-15
6652.47324725462  1.519981E-15
6652.95834309094  1.565385E-15
6653.44343892726  1.604438E-15
6653.92853476359  1.585193E-15
6654.41363059991  1.573923E-15
6654.89872643624  1.553074E-15
6655.38382227256  1.511810E-15
6655.86891810889  1.522268E-15
6656.35401394521  1.483553E-15
6656.83910978153  1.526456E-15
6657.32420561786  1.571731E-15
6657.80930145418  1.532564E-15
6658.2943972905  1.555249E-15
6658.77949312683  1.577300E-15
6659.26458896315  1.565159E-15
6659.74968479948  1.519057E-15
6660.2347806358  1.472445E-15
6660.71987647213  1.539024E-15
6661.20497230845  1.552681E-15
6661.69006814477  1.562689E-15
6662.1751639811  1.583281E-15
6662.66025981742  1.572636E-15
6663.14535565375  1.595562E-15
6663.63045149007  1.612353E-15
6664.11554732639  1.590121E-15
6664.60064316272  1.560654E-15
6665.08573899904  1.548291E-15
6665.57083483537  1.545500E-15
6666.05593067169  1.555149E-15
6666.54102650801  1.558660E-15
6667.02612234434  1.541299E-15
6667.51121818066  1.544807E-15
6667.99631401699  1.531045E-15
6668.48140985331  1.514079E-15
6668.96650568964  1.536569E-15
6669.45160152596  1.520640E-15
6669.93669736228  1.496044E-15
6670.42179319861  1.583745E-15
6670.90688903493  1.556518E-15
6671.39198487125  1.520478E-15
6671.87708070758  1.512150E-15
6672.3621765439  1.573777E-15
6672.84727238023  1.623373E-15
6673.33236821655  1.553385E-15
6673.81746405288  1.464268E-15
6674.3025598892  1.444531E-15
6674.78765572552  1.494491E-15
6675.27275156185  1.533434E-15
6675.75784739817  1.556885E-15
6676.2429432345  1.566767E-15
6676.72803907082  1.535847E-15
6677.21313490714  1.558097E-15
6677.69823074347  1.621523E-15
6678.18332657979  1.551575E-15
6678.66842241612  1.525703E-15
6679.15351825244  1.609481E-15
6679.63861408876  1.582867E-15
6680.12370992509  1.559445E-15
6680.60880576141  1.590177E-15
6681.09390159774  1.559424E-15
6681.57899743406  1.514823E-15
6682.06409327039  1.500378E-15
6682.54918910671  1.577993E-15
6683.03428494303  1.649783E-15
6683.51938077936  1.570626E-15
6684.00447661568  1.518490E-15
6684.48957245201  1.561041E-15
6684.97466828833  1.591445E-15
6685.45976412465  1.602850E-15
6685.94485996098  1.603564E-15
6686.4299557973  1.622865E-15
6686.91505163362  1.597696E-15
6687.40014746995  1.582321E-15
6687.88524330627  1.521871E-15
6688.3703391426  1.493150E-15
6688.85543497892  1.526336E-15
6689.34053081525  1.567665E-15
6689.82562665157  1.584102E-15
6690.3107224879  1.583347E-15
6690.79581832422  1.586275E-15
6691.28091416054  1.545756E-15
6691.76600999687  1.562194E-15
6692.25110583319  1.593862E-15
6692.73620166952  1.601937E-15
6693.22129750584  1.562553E-15
6693.70639334216  1.547742E-15
6694.19148917849  1.559185E-15
6694.67658501481  1.583583E-15
6695.16168085114  1.521053E-15
6695.64677668746  1.551557E-15
6696.13187252378  1.531001E-15
6696.61696836011  1.509904E-15
6697.10206419643  1.515143E-15
6697.58716003276  1.551742E-15
6698.07225586908  1.526269E-15
6698.5573517054  1.538964E-15
6699.04244754173  1.543548E-15
6699.52754337805  1.491998E-15
6700.01263921438  1.480748E-15
6700.4977350507  1.512846E-15
6700.98283088702  1.546362E-15
6701.46792672335  1.565441E-15
6701.95302255967  1.553304E-15
6702.438118396  1.534569E-15
6702.92321423232  1.521355E-15
6703.40831006864  1.565204E-15
6703.89340590497  1.568514E-15
6704.37850174129  1.544588E-15
6704.86359757762  1.519395E-15
6705.34869341394  1.502055E-15
6705.83378925027  1.559960E-15
6706.31888508659  1.608385E-15
6706.80398092291  1.566169E-15
6707.28907675924  1.521520E-15
6707.77417259556  1.472148E-15
6708.25926843189  1.494502E-15
6708.74436426821  1.563937E-15
6709.22946010453  1.518011E-15
6709.71455594086  1.523343E-15
6710.19965177718  1.583809E-15
6710.68474761351  1.569137E-15
6711.16984344983  1.544939E-15
6711.65493928615  1.574663E-15
6712.14003512248  1.591874E-15
6712.6251309588  1.508656E-15
6713.11022679513  1.496248E-15
6713.59532263145  1.568276E-15
6714.08041846778  1.525258E-15
6714.5655143041  1.522005E-15
6715.05061014042  1.584184E-15
6715.53570597675  1.572643E-15
6716.02080181307  1.554476E-15
6716.5058976494  1.554024E-15
6716.99099348572  1.516868E-15
6717.47608932204  1.520744E-15
6717.96118515837  1.596197E-15
6718.44628099469  1.601143E-15
6718.93137683102  1.579722E-15
6719.41647266734  1.522513E-15
6719.90156850366  1.530952E-15
6720.38666433999  1.576861E-15
6720.87176017631  1.550112E-15
6721.35685601264  1.477598E-15
6721.84195184896  1.447504E-15
6722.32704768528  1.547131E-15
6722.81214352161  1.514640E-15
6723.29723935793  1.513009E-15
6723.78233519426  1.518788E-15
6724.26743103058  1.479549E-15
6724.7525268669  1.472875E-15
6725.23762270323  1.512832E-15
6725.72271853955  1.540670E-15
6726.20781437588  1.554265E-15
6726.6929102122  1.534043E-15
6727.17800604853  1.562344E-15
6727.66310188485  1.567226E-15
6728.14819772117  1.578284E-15
6728.6332935575  1.491906E-15
6729.11838939382  9.772276E-16
6729.60348523015  1.258179E-15
6730.08858106647  1.564881E-15
6730.57367690279  1.532533E-15
6731.05877273912  1.522139E-15
6731.54386857544  1.591008E-15
6732.02896441177  1.540780E-15
6732.51406024809  1.552769E-15
6732.99915608441  1.565293E-15
6733.48425192074  1.595640E-15
6733.96934775706  1.498879E-15
6734.45444359339  1.510295E-15
6734.93953942971  1.579751E-15
6735.42463526603  1.503077E-15
6735.90973110236  1.550936E-15
6736.39482693868  1.607550E-15
6736.87992277501  1.566504E-15
6737.36501861133  1.513297E-15
6737.85011444765  1.485044E-15
6738.33521028398  1.537631E-15
6738.8203061203  1.482546E-15
6739.30540195663  1.453039E-15
6739.79049779295  1.497931E-15
6740.27559362927  1.571642E-15
6740.7606894656  1.541970E-15
6741.24578530192  1.490268E-15
6741.73088113825  1.525267E-15
6742.21597697457  1.540082E-15
6742.70107281089  1.511555E-15
6743.18616864722  1.477460E-15
6743.67126448354  1.506103E-15
6744.15636031987  1.545336E-15
6744.64145615619  1.573203E-15
6745.12655199252  1.547191E-15
6745.61164782884  1.528041E-15
6746.09674366516  1.547704E-15
6746.58183950149  1.588838E-15
6747.06693533781  1.569123E-15
6747.55203117414  1.485987E-15
6748.03712701046  1.437961E-15
6748.52222284679  1.484231E-15
6749.00731868311  1.553679E-15
6749.49241451943  1.547962E-15
6749.97751035576  1.524370E-15
6750.46260619208  1.501500E-15
6750.9477020284  1.538244E-15
6751.43279786473  1.566584E-15
6751.91789370105  1.529518E-15
6752.40298953738  1.517205E-15
6752.8880853737  1.534595E-15
6753.37318121003  1.548844E-15
6753.85827704635  1.551140E-15
6754.34337288267  1.556430E-15
6754.828468719  1.532636E-15
6755.31356455532  1.516976E-15
6755.79866039165  1.514521E-15
6756.28375622797  1.517865E-15
6756.76885206429  1.545163E-15
6757.25394790062  1.539956E-15
6757.73904373694  1.495993E-15
6758.22413957327  1.543578E-15
6758.70923540959  1.558104E-15
6759.19433124591  1.549179E-15
6759.67942708224  1.568758E-15
6760.16452291856  1.552148E-15
6760.64961875489  1.482888E-15
6761.13471459121  1.506008E-15
6761.61981042754  1.520522E-15
6762.10490626386  1.478032E-15
6762.59000210018  1.494452E-15
6763.07509793651  1.495637E-15
6763.56019377283  1.505187E-15
6764.04528960916  1.575417E-15
6764.53038544548  1.527900E-15
6765.0154812818  1.482022E-15
6765.50057711813  1.506728E-15
6765.98567295445  1.506258E-15
6766.47076879077  1.522478E-15
6766.9558646271  1.502341E-15
6767.44096046342  1.491161E-15
6767.92605629975  1.506546E-15
6768.41115213607  1.516575E-15
6768.8962479724  1.494965E-15
6769.38134380872  1.529969E-15
6769.86643964504  1.537230E-15
6770.35153548137  1.549850E-15
6770.83663131769  1.591762E-15
6771.32172715402  1.548890E-15
6771.80682299034  1.517162E-15
6772.29191882666  1.543431E-15
6772.77701466299  1.497602E-15
6773.26211049931  1.494494E-15
6773.74720633564  1.480499E-15
6774.23230217196  1.478486E-15
6774.71739800828  1.531708E-15
6775.20249384461  1.551830E-15
6775.68758968093  1.537895E-15
6776.17268551726  1.486838E-15
6776.65778135358  1.491981E-15
6777.14287718991  1.496935E-15
6777.62797302623  1.471588E-15
6778.11306886255  1.469923E-15
6778.59816469888  1.569538E-15
6779.0832605352  1.637926E-15
6779.56835637153  1.545312E-15
6780.05345220785  1.460910E-15
6780.53854804417  1.457723E-15
6781.0236438805  1.510991E-15
6781.50873971682  1.517493E-15
6781.99383555315  1.507840E-15
6782.47893138947  1.511993E-15
6782.96402722579  1.519937E-15
6783.44912306212  1.529625E-15
6783.93421889844  1.503734E-15
6784.41931473477  1.497144E-15
6784.90441057109  1.508883E-15
6785.38950640741  1.524063E-15
6785.87460224374  1.535225E-15
6786.35969808006  1.553095E-15
6786.84479391639  1.527439E-15
6787.32988975271  1.499433E-15
6787.81498558903  1.538649E-15
6788.30008142536  1.503392E-15
6788.78517726168  1.519088E-15
6789.27027309801  1.515496E-15
6789.75536893433  1.491044E-15
6790.24046477066  1.494801E-15
6790.72556060698  1.496088E-15
6791.2106564433  1.489133E-15
6791.69575227963  1.464576E-15
6792.18084811595  1.463333E-15
6792.66594395228  1.500978E-15
6793.1510397886  1.518521E-15
6793.63613562492  1.502850E-15
6794.12123146125  1.534636E-15
6794.60632729757  1.538630E-15
6795.09142313389  1.475520E-15
6795.57651897022  1.504230E-15
6796.06161480654  1.556593E-15
6796.54671064287  1.539913E-15
6797.03180647919  1.530987E-15
6797.51690231551  1.518314E-15
6798.00199815184  1.524096E-15
6798.48709398816  1.525136E-15
6798.97218982449  1.568969E-15
6799.45728566081  1.543570E-15
6799.94238149714  1.532713E-15
6800.42747733346  1.544179E-15
6800.91257316978  1.510624E-15
6801.39766900611  1.517860E-15
6801.88276484243  1.543234E-15
6802.36786067876  1.618353E-15
6802.85295651508  1.604399E-15
6803.3380523514  1.532251E-15
6803.82314818773  1.513561E-15
6804.30824402405  1.515332E-15
6804.79333986038  1.513898E-15
6805.2784356967  1.513698E-15
6805.76353153302  1.535809E-15
6806.24862736935  1.510555E-15
6806.73372320567  1.558088E-15
6807.218819042  1.511109E-15
6807.70391487832  1.522905E-15
6808.18901071465  1.558313E-15
6808.67410655097  1.621486E-15
6809.15920238729  1.592581E-15
6809.64429822362  1.521700E-15
6810.12939405994  1.483118E-15
6810.61448989626  1.512978E-15
6811.09958573259  1.560913E-15
6811.58468156891  1.580573E-15
6812.06977740524  1.568997E-15
6812.55487324156  1.515993E-15
6813.03996907789  1.535942E-15
6813.52506491421  1.553218E-15
6814.01016075053  1.493685E-15
6814.49525658686  1.483757E-15
6814.98035242318  1.523787E-15
6815.46544825951  1.603126E-15
6815.95054409583  1.547668E-15
6816.43563993215  1.527042E-15
6816.92073576848  1.533692E-15
6817.4058316048  1.493661E-15
6817.89092744113  1.428744E-15
6818.37602327745  1.289197E-15
6818.86111911377  1.111869E-15
6819.3462149501  9.891885E-16
6819.83131078642  8.913545E-16
6820.31640662275  9.726109E-16
6820.80150245907  1.075774E-15
6821.2865982954  1.077449E-15
6821.77169413172  1.149737E-15
6822.25678996804  1.151242E-15
6822.74188580437  1.108496E-15
6823.22698164069  1.150621E-15
6823.71207747701  1.124208E-15
6824.19717331334  1.125454E-15
6824.68226914966  1.209654E-15
6825.16736498599  1.216910E-15
6825.65246082231  1.194962E-15
6826.13755665864  1.207751E-15
6826.62265249496  1.249650E-15
6827.10774833128  1.266184E-15
6827.59284416761  1.290632E-15
6828.07794000393  1.274492E-15
6828.56303584026  1.256931E-15
6829.04813167658  1.280018E-15
6829.5332275129  1.347457E-15
6830.01832334923  1.346893E-15
6830.50341918555  1.324310E-15
6830.98851502188  1.377918E-15
6831.4736108582  1.449226E-15
6831.95870669452  1.457293E-15
6832.44380253085  1.529204E-15
6832.92889836717  1.523230E-15
6833.4139942035  1.483160E-15
6833.89909003982  1.536268E-15
6834.38418587615  1.528932E-15
6834.86928171247  1.438974E-15
6835.35437754879  1.440254E-15
6835.83947338512  1.503750E-15
6836.32456922144  1.470831E-15
6836.80966505777  1.373908E-15
6837.29476089409  1.306098E-15
6837.77985673041  1.250600E-15
6838.26495256674  1.286437E-15
6838.75004840306  1.456522E-15
6839.23514423938  1.468738E-15
6839.72024007571  1.398207E-15
6840.20533591203  1.323825E-15
6840.69043174836  1.247505E-15
6841.17552758468  1.272486E-15
6841.66062342101  1.352253E-15
6842.14571925733  1.472956E-15
6842.63081509365  1.483990E-15
6843.11591092998  1.363467E-15
6843.6010067663  1.265609E-15
6844.08610260263  1.243963E-15
6844.57119843895  1.288875E-15
6845.05629427528  1.375839E-15
6845.5413901116  1.450996E-15
6846.02648594792  1.432292E-15
6846.51158178425  1.405394E-15
6846.99667762057  1.329394E-15
6847.4817734569  1.275409E-15
6847.96686929322  1.226327E-15
6848.45196512954  1.288354E-15
6848.93706096587  1.420360E-15
6849.42215680219  1.505854E-15
6849.90725263852  1.532894E-15
6850.39234847484  1.522996E-15
6850.87744431116  1.395362E-15
6851.36254014749  1.283263E-15
6851.84763598381  1.291183E-15
6852.33273182014  1.347488E-15
6852.81782765646  1.438519E-15
6853.30292349278  1.453498E-15
6853.78801932911  1.485005E-15
6854.27311516543  1.472073E-15
6854.75821100176  1.424458E-15
6855.24330683808  1.356395E-15
6855.7284026744  1.357156E-15
6856.21349851073  1.343225E-15
6856.69859434705  1.403046E-15
6857.18369018338  1.476615E-15
6857.6687860197  1.542480E-15
6858.15388185602  1.555725E-15
6858.63897769235  1.562539E-15
6859.12407352867  1.477281E-15
6859.609169365  1.348325E-15
6860.09426520132  1.331036E-15
6860.57936103765  1.394017E-15
6861.06445687397  1.467290E-15
6861.54955271029  1.534214E-15
6862.03464854662  1.551512E-15
6862.51974438294  1.557764E-15
6863.00484021927  1.493049E-15
6863.48993605559  1.447633E-15
6863.97503189191  1.436433E-15
6864.46012772824  1.471368E-15
6864.94522356456  1.422125E-15
6865.43031940089  1.416727E-15
6865.91541523721  1.476566E-15
6866.40051107353  1.513641E-15
6866.88560690986  1.520836E-15
6867.37070274618  1.307169E-15
6867.85579858251  1.425797E-15
6868.34089441883  1.480752E-15
6868.82599025516  1.492120E-15
6869.31108609148  1.470085E-15
6869.7961819278  1.451854E-15
6870.28127776413  1.372241E-15
6870.76637360045  1.463542E-15
6871.25146943678  1.508538E-15
6871.7365652731  1.521176E-15
6872.22166110942  1.506040E-15
6872.70675694575  1.500037E-15
6873.19185278207  1.528514E-15
6873.6769486184  1.516085E-15
6874.16204445472  1.480411E-15
6874.64714029104  1.433149E-15
6875.13223612737  1.475159E-15
6875.61733196369  1.457592E-15
6876.10242780002  1.474327E-15
6876.58752363634  1.538556E-15
6877.07261947266  1.551586E-15
6877.55771530899  1.535589E-15
6878.04281114531  1.488868E-15
6878.52790698164  1.475062E-15
6879.01300281796  1.530122E-15
6879.49809865428  1.536767E-15
6879.98319449061  1.495976E-15
6880.46829032693  1.418779E-15
6880.95338616326  1.443720E-15
6881.43848199958  1.500937E-15
6881.92357783591  1.495283E-15
6882.40867367223  1.481095E-15
6882.89376950855  1.460120E-15
6883.37886534488  1.505423E-15
6883.8639611812  1.544398E-15
6884.34905701753  1.533578E-15
6884.83415285385  1.529505E-15
6885.31924869017  1.484602E-15
6885.8043445265  1.518223E-15
6886.28944036282  1.522830E-15
6886.77453619915  1.484665E-15
6887.25963203547  1.491123E-15
6887.74472787179  1.510115E-15
6888.22982370812  1.522104E-15
6888.71491954444  1.483743E-15
6889.20001538077  1.529446E-15
6889.68511121709  1.567024E-15
6890.17020705341  1.511313E-15
6890.65530288974  1.488676E-15
6891.14039872606  1.486968E-15
6891.62549456239  1.481129E-15
6892.11059039871  1.514483E-15
6892.59568623503  1.477773E-15
6893.08078207136  1.514883E-15
6893.56587790768  1.534027E-15
6894.05097374401  1.509244E-15
6894.53606958033  1.476007E-15
6895.02116541665  1.477511E-15
6895.50626125298  1.514739E-15
6895.9913570893  1.540767E-15
6896.47645292563  1.556414E-15
6896.96154876195  1.588182E-15
6897.44664459827  1.570197E-15
6897.9317404346  1.470872E-15
6898.41683627092  1.449381E-15
6898.90193210725  1.506623E-15
6899.38702794357  1.528069E-15
6899.8721237799  1.533793E-15
6900.35721961622  1.519384E-15
6900.84231545255  1.564624E-15
6901.32741128887  1.579602E-15
6901.81250712519  1.528723E-15
6902.29760296152  1.496868E-15
6902.78269879784  1.534290E-15
6903.26779463416  1.576273E-15
6903.75289047049  1.544454E-15
6904.23798630681  1.530796E-15
6904.72308214314  1.530258E-15
6905.20817797946  1.532616E-15
6905.69327381578  1.508862E-15
6906.17836965211  1.550554E-15
6906.66346548843  1.551899E-15
6907.14856132476  1.521721E-15
6907.63365716108  1.528094E-15
6908.11875299741  1.510184E-15
6908.60384883373  1.538806E-15
6909.08894467005  1.529181E-15
6909.57404050638  1.546129E-15
6910.0591363427  1.534643E-15
6910.54423217903  1.526946E-15
6911.02932801535  1.473458E-15
6911.51442385167  1.483400E-15
6911.999519688  1.508684E-15
6912.48461552432  1.556801E-15
6912.96971136065  1.500731E-15
6913.45480719697  1.513204E-15
6913.93990303329  1.577534E-15
6914.42499886962  1.560269E-15
6914.91009470594  1.533390E-15
6915.39519054227  1.520950E-15
6915.88028637859  1.505438E-15
6916.36538221492  1.496506E-15
6916.85047805124  1.495966E-15
6917.33557388756  1.564146E-15
6917.82066972389  1.547141E-15
6918.30576556021  1.517326E-15
6918.79086139653  1.540564E-15
6919.27595723286  1.551998E-15
6919.76105306918  1.604197E-15
6920.24614890551  1.536008E-15
6920.73124474183  1.498495E-15
6921.21634057816  1.532705E-15
6921.70143641448  1.575560E-15
6922.1865322508  1.505642E-15
6922.67162808713  1.543706E-15
6923.15672392345  1.655096E-15
6923.64181975978  1.559696E-15
6924.1269155961  1.569712E-15
6924.61201143242  1.588800E-15
6925.09710726875  1.522416E-15
6925.58220310507  1.534551E-15
6926.0672989414  1.509970E-15
6926.55239477772  1.489764E-15
6927.03749061404  1.536370E-15
6927.52258645037  1.503215E-15
6928.00768228669  1.554392E-15
6928.49277812302  1.557322E-15
6928.97787395934  1.616375E-15
6929.46296979567  1.547126E-15
6929.94806563199  1.491282E-15
6930.43316146831  1.519722E-15
6930.91825730464  1.530749E-15
6931.40335314096  1.523266E-15
6931.88844897728  1.522191E-15
6932.37354481361  1.530816E-15
6932.85864064993  1.463952E-15
6933.34373648626  1.514948E-15
6933.82883232258  1.518710E-15
6934.31392815891  1.484649E-15
6934.79902399523  1.535549E-15
6935.28411983155  1.510131E-15
6935.76921566788  1.491816E-15
6936.2543115042  1.504686E-15
6936.73940734053  1.518250E-15
6937.22450317685  1.523053E-15
6937.70959901317  1.526344E-15
6938.1946948495  1.474010E-15
6938.67979068582  1.538374E-15
6939.16488652215  1.565386E-15
6939.64998235847  1.536199E-15
6940.13507819479  1.523059E-15
6940.62017403112  1.569019E-15
6941.10526986744  1.554865E-15
6941.59036570377  1.487831E-15
6942.07546154009  1.446594E-15
6942.56055737642  1.475733E-15
6943.04565321274  1.560760E-15
6943.53074904906  1.535146E-15
6944.01584488539  1.484864E-15
6944.50094072171  1.462004E-15
6944.98603655804  1.487233E-15
6945.47113239436  1.514473E-15
6945.95622823068  1.548323E-15
6946.44132406701  1.572517E-15
6946.92641990333  1.547113E-15
6947.41151573965  1.544046E-15
6947.89661157598  1.582456E-15
6948.3817074123  1.551273E-15
6948.86680324863  1.468758E-15
6949.35189908495  1.528409E-15
6949.83699492127  1.543914E-15
6950.3220907576  1.492122E-15
6950.80718659392  1.533014E-15
6951.29228243025  1.533014E-15
