5667.28930384795  9.621532E-16
5667.7736505062  9.576568E-16
5668.25799716446  9.757033E-16
5668.74234382272  9.952255E-16
5669.22669048098  1.015720E-15
5669.71103713924  1.012658E-15
5670.19538379749  9.891161E-16
5670.67973045575  1.001213E-15
5671.16407711401  9.940518E-16
5671.64842377227  9.788251E-16
5672.13277043053  9.817891E-16
5672.61711708878  9.512097E-16
5673.10146374704  1.003330E-15
5673.5858104053  1.010657E-15
5674.07015706356  9.701693E-16
5674.55450372182  9.821274E-16
5675.03885038007  9.942968E-16
5675.52319703833  9.830440E-16
5676.00754369659  1.004777E-15
5676.49189035485  1.054669E-15
5676.97623701311  9.817108E-16
5677.46058367136  9.620561E-16
5677.94493032962  9.862614E-16
5678.42927698788  9.713916E-16
5678.91362364614  9.862125E-16
5679.3979703044  9.634462E-16
5679.88231696265  9.565696E-16
5680.36666362091  9.376567E-16
5680.85101027917  9.722029E-16
5681.33535693743  9.504361E-16
5681.81970359568  9.454442E-16
5682.30405025394  1.003871E-15
5682.7883969122  9.724209E-16
5683.27274357046  9.796014E-16
5683.75709022872  9.726232E-16
5684.24143688698  9.815598E-16
5684.72578354523  9.852770E-16
5685.21013020349  9.717638E-16
5685.69447686175  9.759161E-16
5686.17882352001  9.437556E-16
5686.66317017826  9.643848E-16
5687.14751683652  9.812619E-16
5687.63186349478  9.696907E-16
5688.11621015304  9.569325E-16
5688.6005568113  9.860345E-16
5689.08490346955  9.841930E-16
5689.56925012781  9.968712E-16
5690.05359678607  9.960848E-16
5690.53794344433  9.655233E-16
5691.02229010259  9.550157E-16
5691.50663676084  9.685953E-16
5691.9909834191  9.762281E-16
5692.47533007736  9.929189E-16
5692.95967673562  9.775137E-16
5693.44402339388  9.574171E-16
5693.92837005213  9.713925E-16
5694.41271671039  1.007839E-15
5694.89706336865  9.912596E-16
5695.38141002691  9.539848E-16
5695.86575668516  9.660785E-16
5696.35010334342  9.685368E-16
5696.83445000168  9.810458E-16
5697.31879665994  9.809160E-16
5697.8031433182  9.575411E-16
5698.28748997645  9.528633E-16
5698.77183663471  9.654185E-16
5699.25618329297  9.932138E-16
5699.74052995123  9.878565E-16
5700.22487660949  9.501044E-16
5700.70922326774  9.579824E-16
5701.193569926  9.569112E-16
5701.67791658426  9.610371E-16
5702.16226324252  9.504329E-16
5702.64660990078  9.333724E-16
5703.13095655903  9.534208E-16
5703.61530321729  9.615101E-16
5704.09964987555  9.721523E-16
5704.58399653381  9.728467E-16
5705.06834319206  9.839398E-16
5705.55268985032  9.966080E-16
5706.03703650858  9.829230E-16
5706.52138316684  9.466311E-16
5707.0057298251  9.562767E-16
5707.49007648336  9.568349E-16
5707.97442314161  9.220063E-16
5708.45876979987  9.443211E-16
5708.94311645813  9.485968E-16
5709.42746311639  9.621456E-16
5709.91180977464  9.938396E-16
5710.3961564329  9.920412E-16
5710.88050309116  9.842380E-16
5711.36484974942  9.815784E-16
5711.84919640768  9.381758E-16
5712.33354306593  9.398214E-16
5712.81788972419  9.726622E-16
5713.30223638245  9.617614E-16
5713.78658304071  9.530688E-16
5714.27092969897  9.426715E-16
5714.75527635722  9.572910E-16
5715.23962301548  1.004577E-15
5715.72396967374  1.016969E-15
5716.208316332  9.648050E-16
5716.69266299026  9.642763E-16
5717.17700964851  9.375019E-16
5717.66135630677  9.634740E-16
5718.14570296503  9.912365E-16
5718.63004962329  9.748190E-16
5719.11439628155  9.670723E-16
5719.5987429398  9.304457E-16
5720.08308959806  9.676995E-16
5720.56743625632  9.802656E-16
5721.05178291458  9.714948E-16
5721.53612957284  9.283944E-16
5722.02047623109  9.678867E-16
5722.50482288935  9.770321E-16
5722.98916954761  9.483414E-16
5723.47351620587  9.531516E-16
5723.95786286412  9.318141E-16
5724.44220952238  9.726803E-16
5724.92655618064  9.518159E-16
5725.4109028389  9.481810E-16
5725.89524949716  9.709931E-16
5726.37959615541  9.771322E-16
5726.86394281367  9.592055E-16
5727.34828947193  9.641798E-16
5727.83263613019  9.604292E-16
5728.31698278844  9.775683E-16
5728.8013294467  9.321247E-16
5729.28567610496  9.692803E-16
5729.77002276322  9.470196E-16
5730.25436942148  9.517758E-16
5730.73871607974  9.714114E-16
5731.22306273799  9.695232E-16
5731.70740939625  9.769764E-16
5732.19175605451  9.592883E-16
5732.67610271277  9.411941E-16
5733.16044937102  9.775817E-16
5733.64479602928  9.510026E-16
5734.12914268754  9.575910E-16
5734.6134893458  9.797386E-16
5735.09783600406  9.768258E-16
5735.58218266231  9.641890E-16
5736.06652932057  9.771519E-16
5736.55087597883  9.906585E-16
5737.03522263709  9.682254E-16
5737.51956929535  9.571496E-16
5738.0039159536  9.494948E-16
5738.48826261186  9.747573E-16
5738.97260927012  1.003084E-15
5739.45695592838  9.621076E-16
5739.94130258664  9.552126E-16
5740.42564924489  9.457877E-16
5740.90999590315  9.628344E-16
5741.39434256141  9.762400E-16
5741.87868921967  9.905123E-16
5742.36303587793  1.008282E-15
5742.84738253618  1.002441E-15
5743.33172919444  1.002486E-15
5743.8160758527  9.916506E-16
5744.30042251096  9.628044E-16
5744.78476916922  9.472799E-16
5745.26911582747  9.760253E-16
5745.75346248573  9.968524E-16
5746.23780914399  9.529386E-16
5746.72215580225  9.328329E-16
5747.2065024605  9.730295E-16
5747.69084911876  9.939900E-16
5748.17519577702  9.610535E-16
5748.65954243528  9.677683E-16
5749.14388909354  1.003135E-15
5749.62823575179  1.001037E-15
5750.11258241005  1.005143E-15
5750.59692906831  1.010817E-15
5751.08127572657  1.020506E-15
5751.56562238483  1.051529E-15
5752.04996904308  1.040721E-15
5752.53431570134  9.923791E-16
5753.0186623596  9.701507E-16
5753.50300901786  9.845972E-16
5753.98735567612  1.001993E-15
5754.47170233437  9.754201E-16
5754.95604899263  9.703861E-16
5755.44039565089  9.750460E-16
5755.92474230915  9.488938E-16
5756.4090889674  9.739848E-16
5756.89343562566  9.920574E-16
5757.37778228392  9.883718E-16
5757.86212894218  9.632352E-16
5758.34647560044  9.719739E-16
5758.83082225869  1.018699E-15
5759.31516891695  9.911103E-16
5759.79951557521  9.788992E-16
5760.28386223347  9.991719E-16
5760.76820889173  1.051211E-15
5761.25255554998  1.022358E-15
5761.73690220824  9.786038E-16
5762.2212488665  9.626734E-16
5762.70559552476  9.677475E-16
5763.18994218302  1.002994E-15
5763.67428884127  1.001217E-15
5764.15863549953  9.996771E-16
5764.64298215779  9.900595E-16
5765.12732881605  1.005459E-15
5765.61167547431  1.004969E-15
5766.09602213256  9.961384E-16
5766.58036879082  9.791317E-16
5767.06471544908  9.549632E-16
5767.54906210734  1.017537E-15
5768.0334087656  1.017398E-15
5768.51775542385  9.726913E-16
5769.00210208211  1.013464E-15
5769.48644874037  9.838072E-16
5769.97079539863  1.023686E-15
5770.45514205689  1.017704E-15
5770.93948871514  1.027945E-15
5771.4238353734  1.008502E-15
5771.90818203166  1.030321E-15
5772.39252868992  9.780199E-16
5772.87687534817  1.018842E-15
5773.36122200643  1.019519E-15
5773.84556866469  9.913652E-16
5774.32991532295  1.006103E-15
5774.81426198121  9.858420E-16
5775.29860863946  1.007968E-15
5775.78295529772  1.011582E-15
5776.26730195598  1.010980E-15
5776.75164861424  9.773124E-16
5777.2359952725  9.985606E-16
5777.72034193075  9.860930E-16
5778.20468858901  9.951406E-16
5778.68903524727  9.895746E-16
5779.17338190553  1.013620E-15
5779.65772856379  1.008694E-15
5780.14207522204  1.017804E-15
5780.6264218803  1.019375E-15
5781.11076853856  1.030954E-15
5781.59511519682  1.054808E-15
5782.07946185508  9.896378E-16
5782.56380851333  9.674464E-16
5783.04815517159  1.001223E-15
5783.53250182985  1.029102E-15
5784.01684848811  1.028083E-15
5784.50119514637  1.018592E-15
5784.98554180462  1.009948E-15
5785.46988846288  1.019126E-15
5785.95423512114  1.002157E-15
5786.4385817794  1.036262E-15
5786.92292843765  1.042351E-15
5787.40727509591  1.031540E-15
5787.89162175417  1.014410E-15
5788.37596841243  1.039458E-15
5788.86031507069  1.086983E-15
5789.34466172895  1.036250E-15
5789.8290083872  1.021469E-15
5790.31335504546  1.044794E-15
5790.79770170372  1.064234E-15
5791.28204836198  1.068408E-15
5791.76639502024  1.035561E-15
5792.25074167849  1.012397E-15
5792.73508833675  1.034685E-15
5793.21943499501  1.025735E-15
5793.70378165327  1.018474E-15
5794.18812831152  1.037451E-15
5794.67247496978  1.021904E-15
5795.15682162804  1.040139E-15
5795.6411682863  1.086805E-15
5796.12551494455  1.059915E-15
5796.60986160281  1.004882E-15
5797.09420826107  1.029532E-15
5797.57855491933  1.058140E-15
5798.06290157759  1.057331E-15
5798.54724823585  1.051169E-15
5799.0315948941  1.031077E-15
5799.51594155236  1.062386E-15
5800.00028821062  1.052235E-15
5800.48463486888  1.043577E-15
5800.96898152714  1.060212E-15
5801.45332818539  1.050933E-15
5801.93767484365  1.069922E-15
5802.42202150191  1.051053E-15
5802.90636816017  1.066083E-15
5803.39071481842  1.056886E-15
5803.87506147668  1.052899E-15
5804.35940813494  1.068153E-15
5804.8437547932  1.055052E-15
5805.32810145146  1.059965E-15
5805.81244810971  1.083747E-15
5806.29679476797  1.035492E-15
5806.78114142623  1.029027E-15
5807.26548808449  1.020881E-15
5807.74983474275  1.044453E-15
5808.234181401  1.051416E-15
5808.71852805926  1.053303E-15
5809.20287471752  1.074788E-15
5809.68722137578  1.067599E-15
5810.17156803404  1.012719E-15
5810.65591469229  1.025110E-15
5811.14026135055  1.057391E-15
5811.62460800881  1.035930E-15
5812.10895466707  1.034633E-15
5812.59330132533  1.072736E-15
5813.07764798358  1.062985E-15
5813.56199464184  1.065639E-15
5814.0463413001  1.060520E-15
5814.53068795836  1.060122E-15
5815.01503461662  1.024158E-15
5815.49938127487  1.041170E-15
5815.98372793313  1.068904E-15
5816.46807459139  1.046329E-15
5816.95242124965  1.055651E-15
5817.43676790791  1.062708E-15
5817.92111456616  1.057035E-15
5818.40546122442  1.044889E-15
5818.88980788268  1.052629E-15
5819.37415454094  1.031844E-15
5819.85850119919  1.051848E-15
5820.34284785745  1.025860E-15
5820.82719451571  1.069540E-15
5821.31154117397  1.036984E-15
5821.79588783223  1.008813E-15
5822.28023449048  1.056619E-15
5822.76458114874  1.063059E-15
5823.248927807  1.044801E-15
5823.73327446526  1.049080E-15
5824.21762112352  1.067490E-15
5824.70196778177  1.057013E-15
5825.18631444003  1.044986E-15
5825.67066109829  1.017958E-15
5826.15500775655  1.033905E-15
5826.6393544148  1.049737E-15
5827.12370107306  1.052228E-15
5827.60804773132  1.023293E-15
5828.09239438958  1.054029E-15
5828.57674104784  1.037983E-15
5829.06108770609  1.057328E-15
5829.54543436435  1.023167E-15
5830.02978102261  1.018334E-15
5830.51412768087  1.065127E-15
5830.99847433913  1.052282E-15
5831.48282099739  9.992592E-16
5831.96716765564  1.014980E-15
5832.4515143139  1.039588E-15
5832.93586097216  1.026748E-15
5833.42020763042  1.034244E-15
5833.90455428867  1.030055E-15
5834.38890094693  1.035345E-15
5834.87324760519  1.061688E-15
5835.35759426345  1.043541E-15
5835.84194092171  1.007017E-15
5836.32628757996  1.022347E-15
5836.81063423822  1.039330E-15
5837.29498089648  1.051769E-15
5837.77932755474  1.040091E-15
5838.263674213  1.020745E-15
5838.74802087125  1.019672E-15
5839.23236752951  1.060985E-15
5839.71671418777  1.043079E-15
5840.20106084603  1.011332E-15
5840.68540750429  1.005836E-15
5841.16975416254  1.037341E-15
5841.6541008208  1.083131E-15
5842.13844747906  1.067460E-15
5842.62279413732  1.027506E-15
5843.10714079557  1.060909E-15
5843.59148745383  1.100758E-15
5844.07583411209  1.050021E-15
5844.56018077035  1.044508E-15
5845.04452742861  1.069474E-15
5845.52887408687  1.016233E-15
5846.01322074512  1.022291E-15
5846.49756740338  1.040821E-15
5846.98191406164  1.012615E-15
5847.4662607199  1.044295E-15
5847.95060737815  1.070586E-15
5848.43495403641  1.065489E-15
5848.91930069467  1.080320E-15
5849.40364735293  1.088050E-15
5849.88799401119  1.084931E-15
5850.37234066945  1.093934E-15
5850.8566873277  1.096901E-15
5851.34103398596  1.086926E-15
5851.82538064422  1.084380E-15
5852.30972730247  1.085573E-15
5852.79407396073  1.076439E-15
5853.27842061899  1.077309E-15
5853.76276727725  1.118560E-15
5854.24711393551  1.112259E-15
5854.73146059376  1.065638E-15
5855.21580725202  1.088045E-15
5855.70015391028  1.127999E-15
5856.18450056854  1.120200E-15
5856.6688472268  1.126211E-15
5857.15319388506  1.177722E-15
5857.63754054331  1.125965E-15
5858.12188720157  1.132855E-15
5858.60623385983  1.123581E-15
5859.09058051809  1.086642E-15
5859.57492717635  1.161438E-15
5860.0592738346  1.192206E-15
5860.54362049286  1.125486E-15
5861.02796715112  1.132359E-15
5861.51231380938  1.148165E-15
5861.99666046764  1.168202E-15
5862.48100712589  1.161751E-15
5862.96535378415  1.129728E-15
5863.44970044241  1.122863E-15
5863.93404710067  1.141491E-15
5864.41839375892  1.202289E-15
5864.90274041718  1.170267E-15
5865.38708707544  1.140469E-15
5865.8714337337  1.156847E-15
5866.35578039195  1.167930E-15
5866.84012705021  1.127813E-15
5867.32447370847  1.133031E-15
5867.80882036673  1.162785E-15
5868.29316702499  1.156049E-15
5868.77751368325  1.173229E-15
5869.2618603415  1.169521E-15
5869.74620699976  1.170553E-15
5870.23055365802  1.130204E-15
5870.71490031628  1.090013E-15
5871.19924697454  1.103397E-15
5871.68359363279  1.159733E-15
5872.16794029105  1.185425E-15
5872.65228694931  1.209648E-15
5873.13663360757  1.226387E-15
5873.62098026583  1.274686E-15
5874.10532692408  1.240368E-15
5874.58967358234  1.183359E-15
5875.0740202406  1.219157E-15
5875.55836689886  1.214004E-15
5876.04271355711  1.177934E-15
5876.52706021537  1.208381E-15
5877.01140687363  1.212090E-15
5877.49575353189  1.183120E-15
5877.98010019015  1.189373E-15
5878.4644468484  1.207269E-15
5878.94879350666  1.232736E-15
5879.43314016492  1.232994E-15
5879.91748682318  1.203705E-15
5880.40183348144  1.210155E-15
5880.88618013969  1.183947E-15
5881.37052679795  1.139372E-15
5881.85487345621  1.123003E-15
5882.33922011447  1.154549E-15
5882.82356677272  1.181255E-15
5883.30791343098  1.171044E-15
5883.79226008924  1.146139E-15
5884.2766067475  1.050090E-15
5884.76095340576  8.564894E-16
5885.24530006401  5.498294E-16
5885.72964672227  3.433544E-16
5886.21399338053  3.512267E-16
5886.69834003879  5.809018E-16
5887.18268669705  8.814274E-16
5887.6670333553  1.083549E-15
5888.15138001356  1.185227E-15
5888.63572667182  1.186428E-15
5889.12007333008  1.192088E-15
5889.60441998834  1.199387E-15
5890.08876664659  1.168016E-15
5890.57311330485  1.052063E-15
5891.05745996311  7.617339E-16
5891.54180662137  5.205517E-16
5892.02615327963  4.672938E-16
5892.51049993788  6.190399E-16
5892.99484659614  8.715209E-16
5893.4791932544  1.124192E-15
5893.96353991266  1.234513E-15
5894.44788657092  1.276685E-15
5894.93223322917  1.305901E-15
5895.41657988743  1.296817E-15
5895.90092654569  1.316440E-15
5896.38527320395  1.332582E-15
5896.86961986221  1.300197E-15
5897.35396652046  1.268616E-15
5897.83831317872  1.293328E-15
5898.32265983698  1.299718E-15
5898.80700649524  1.299095E-15
5899.29135315349  1.357315E-15
5899.77569981175  1.325291E-15
5900.26004647001  1.294422E-15
5900.74439312827  1.311455E-15
5901.22873978653  1.313816E-15
5901.71308644478  1.324794E-15
5902.19743310304  1.293730E-15
5902.6817797613  1.274303E-15
5903.16612641956  1.273607E-15
5903.65047307782  1.274322E-15
5904.13481973607  1.279182E-15
5904.61916639433  1.292267E-15
5905.10351305259  1.316908E-15
5905.58785971085  1.264432E-15
5906.07220636911  1.235034E-15
5906.55655302736  1.257724E-15
5907.04089968562  1.255057E-15
5907.52524634388  1.277963E-15
5908.00959300214  1.276646E-15
5908.4939396604  1.275169E-15
5908.97828631865  1.281392E-15
5909.46263297691  1.277313E-15
5909.94697963517  1.250707E-15
5910.43132629343  1.241565E-15
5910.91567295169  1.227309E-15
5911.40001960994  1.275380E-15
5911.8843662682  1.267566E-15
5912.36871292646  1.222375E-15
5912.85305958472  1.212654E-15
5913.33740624297  1.210791E-15
5913.82175290123  1.248444E-15
5914.30609955949  1.216857E-15
5914.79044621775  1.226559E-15
5915.27479287601  1.243407E-15
5915.75913953426  1.230769E-15
5916.24348619252  1.206749E-15
5916.72783285078  1.231842E-15
5917.21217950904  1.222453E-15
5917.6965261673  1.251379E-15
5918.18087282555  1.249569E-15
5918.66521948381  1.165081E-15
5919.14956614207  1.194884E-15
5919.63391280033  1.214802E-15
5920.11825945859  1.204669E-15
5920.60260611684  1.209774E-15
5921.0869527751  1.219994E-15
5921.57129943336  1.204881E-15
5922.05564609162  1.210627E-15
5922.53999274987  1.234909E-15
5923.02433940813  1.201993E-15
5923.50868606639  1.188906E-15
5923.99303272465  1.123684E-15
5924.47737938291  1.154322E-15
5924.96172604117  1.185902E-15
5925.44607269942  1.173091E-15
5925.93041935768  1.180391E-15
5926.41476601594  1.158030E-15
5926.8991126742  1.175994E-15
5927.38345933246  1.149005E-15
5927.86780599071  1.197738E-15
5928.35215264897  1.216828E-15
5928.83649930723  1.226887E-15
5929.32084596549  1.192227E-15
5929.80519262375  1.173698E-15
5930.289539282  1.156650E-15
5930.77388594026  1.193472E-15
5931.25823259852  1.166326E-15
5931.74257925678  1.161548E-15
5932.22692591503  1.160102E-15
5932.71127257329  1.170374E-15
5933.19561923155  1.195406E-15
5933.67996588981  1.172836E-15
5934.16431254807  1.161597E-15
5934.64865920632  1.181764E-15
5935.13300586458  1.207231E-15
5935.61735252284  1.159059E-15
5936.1016991811  1.188935E-15
5936.58604583936  1.168657E-15
5937.07039249761  1.145217E-15
5937.55473915587  1.186011E-15
5938.03908581413  1.149537E-15
5938.52343247239  1.163458E-15
5939.00777913065  1.148623E-15
5939.4921257889  1.159039E-15
5939.97647244716  1.167742E-15
5940.46081910542  1.206721E-15
5940.94516576368  1.162272E-15
5941.42951242194  1.176173E-15
5941.91385908019  1.162731E-15
5942.39820573845  1.146229E-15
5942.88255239671  1.155313E-15
5943.36689905497  1.154557E-15
5943.85124571322  1.137116E-15
5944.33559237148  1.134522E-15
5944.81993902974  1.133113E-15
5945.304285688  1.146971E-15
5945.78863234626  1.151254E-15
5946.27297900451  1.148773E-15
5946.75732566277  1.217496E-15
5947.24167232103  1.170181E-15
5947.72601897929  1.111139E-15
5948.21036563755  1.083890E-15
5948.6947122958  1.113071E-15
5949.17905895406  1.129711E-15
5949.66340561232  1.126812E-15
5950.14775227058  1.154492E-15
5950.63209892883  1.147695E-15
5951.11644558709  1.108504E-15
5951.60079224535  1.090975E-15
5952.08513890361  1.121920E-15
5952.56948556187  1.109874E-15
5953.05383222012  1.152329E-15
5953.53817887838  1.144406E-15
5954.02252553664  1.107390E-15
5954.5068721949  1.123139E-15
5954.99121885316  1.165372E-15
5955.47556551141  1.124026E-15
5955.95991216967  1.084213E-15
5956.44425882793  1.123853E-15
5956.92860548619  1.143704E-15
5957.41295214445  1.127573E-15
5957.8972988027  1.105220E-15
5958.38164546096  1.158383E-15
5958.86599211922  1.165326E-15
5959.35033877748  1.124511E-15
5959.83468543574  1.100959E-15
5960.31903209399  1.111395E-15
5960.80337875225  1.128968E-15
5961.28772541051  1.124800E-15
5961.77207206877  1.117152E-15
5962.25641872703  1.119747E-15
5962.74076538528  1.129004E-15
5963.22511204354  1.137303E-15
5963.7094587018  1.144110E-15
5964.19380536006  1.084939E-15
5964.67815201832  1.064041E-15
5965.16249867657  1.118906E-15
5965.64684533483  1.132207E-15
5966.13119199309  1.110532E-15
5966.61553865135  1.114001E-15
5967.0998853096  1.112341E-15
5967.58423196786  1.126503E-15
5968.06857862612  1.147107E-15
5968.55292528438  1.116574E-15
5969.03727194264  1.121544E-15
5969.5216186009  1.120121E-15
5970.00596525915  1.121269E-15
5970.49031191741  1.125406E-15
5970.97465857567  1.138738E-15
5971.45900523393  1.125154E-15
5971.94335189218  1.095361E-15
5972.42769855044  1.111171E-15
5972.9120452087  1.119210E-15
5973.39639186696  1.130238E-15
5973.88073852522  1.105045E-15
5974.36508518347  1.122031E-15
5974.84943184173  1.143303E-15
5975.33377849999  1.113465E-15
5975.81812515825  1.106500E-15
5976.3024718165  1.153773E-15
5976.78681847476  1.126577E-15
5977.27116513302  1.134380E-15
5977.75551179128  1.155118E-15
5978.23985844954  1.155132E-15
5978.72420510779  1.136899E-15
5979.20855176605  1.163968E-15
5979.69289842431  1.175408E-15
5980.17724508257  1.151543E-15
5980.66159174083  1.178850E-15
5981.14593839908  1.178627E-15
5981.63028505734  1.139849E-15
5982.1146317156  1.142691E-15
5982.59897837386  1.134213E-15
5983.08332503212  1.115195E-15
5983.56767169037  1.121899E-15
5984.05201834863  1.117634E-15
5984.53636500689  1.133842E-15
5985.02071166515  1.131178E-15
5985.50505832341  1.169473E-15
5985.98940498166  1.103536E-15
5986.47375163992  1.078622E-15
5986.95809829818  1.098422E-15
5987.44244495644  1.192027E-15
5987.9267916147  1.219487E-15
5988.41113827295  1.182780E-15
5988.89548493121  1.155265E-15
5989.37983158947  1.189416E-15
5989.86417824773  1.139125E-15
5990.34852490598  1.125515E-15
5990.83287156424  1.128518E-15
5991.3172182225  1.153115E-15
5991.80156488076  1.159196E-15
5992.28591153902  1.139045E-15
5992.77025819728  1.167897E-15
5993.25460485553  1.144905E-15
5993.73895151379  1.121929E-15
5994.22329817205  1.140482E-15
5994.70764483031  1.100338E-15
5995.19199148857  1.141963E-15
5995.67633814682  1.167637E-15
5996.16068480508  1.129663E-15
5996.64503146334  1.133634E-15
5997.1293781216  1.140229E-15
5997.61372477986  1.118769E-15
5998.09807143811  1.040206E-15
5998.58241809637  1.113003E-15
5999.06676475463  1.160626E-15
5999.55111141289  1.127118E-15
6000.03545807115  1.130884E-15
6000.5198047294  1.162306E-15
6001.00415138766  1.132753E-15
6001.48849804592  1.134038E-15
6001.97284470418  1.110001E-15
6002.45719136243  1.131116E-15
6002.94153802069  1.156286E-15
6003.42588467895  1.158123E-15
6003.91023133721  1.129644E-15
6004.39457799547  1.163414E-15
6004.87892465372  1.112308E-15
6005.36327131198  1.134132E-15
6005.84761797024  1.147264E-15
6006.3319646285  1.154739E-15
6006.81631128676  1.167685E-15
6007.30065794501  1.123223E-15
6007.78500460327  1.133507E-15
6008.26935126153  1.121291E-15
6008.75369791979  1.140709E-15
6009.23804457805  1.122761E-15
6009.7223912363  1.085627E-15
6010.20673789456  1.123260E-15
6010.69108455282  1.149422E-15
6011.17543121108  1.110807E-15
6011.65977786933  1.137156E-15
6012.14412452759  1.150844E-15
6012.62847118585  1.136213E-15
6013.11281784411  1.098191E-15
6013.59716450237  1.135567E-15
6014.08151116062  1.161237E-15
6014.56585781888  1.118455E-15
6015.05020447714  1.138207E-15
6015.5345511354  1.171897E-15
6016.01889779366  1.155654E-15
6016.50324445191  1.136125E-15
6016.98759111017  1.132582E-15
6017.47193776843  1.120387E-15
6017.95628442669  1.154177E-15
6018.44063108495  1.106922E-15
6018.9249777432  1.109488E-15
6019.40932440146  1.140708E-15
6019.89367105972  1.142504E-15
6020.37801771798  1.098078E-15
6020.86236437624  1.109223E-15
6021.34671103449  1.136162E-15
6021.83105769275  1.104638E-15
6022.31540435101  1.092914E-15
6022.79975100927  1.093629E-15
6023.28409766752  1.112965E-15
6023.76844432578  1.078058E-15
6024.25279098404  1.086122E-15
6024.7371376423  1.130996E-15
6025.22148430056  1.111220E-15
6025.70583095881  1.096194E-15
6026.19017761707  1.137415E-15
6026.67452427533  1.140672E-15
6027.15887093359  1.118246E-15
6027.64321759185  1.103012E-15
6028.1275642501  1.088858E-15
6028.61191090836  1.107666E-15
6029.09625756662  1.107762E-15
6029.58060422488  1.095384E-15
6030.06495088314  1.138887E-15
6030.5492975414  1.121474E-15
6031.03364419965  1.089101E-15
6031.51799085791  1.139787E-15
6032.00233751617  1.110957E-15
6032.48668417443  1.110924E-15
6032.97103083268  1.153673E-15
6033.45537749094  1.140037E-15
6033.9397241492  1.143684E-15
6034.42407080746  1.140021E-15
6034.90841746572  1.167798E-15
6035.39276412397  1.184634E-15
6035.87711078223  1.116386E-15
6036.36145744049  1.112230E-15
6036.84580409875  1.144276E-15
6037.33015075701  1.133087E-15
6037.81449741526  1.153325E-15
6038.29884407352  1.146000E-15
6038.78319073178  1.125952E-15
6039.26753739004  1.144308E-15
6039.7518840483  1.174311E-15
6040.23623070655  1.158394E-15
6040.72057736481  1.130825E-15
6041.20492402307  1.153978E-15
6041.68927068133  1.164020E-15
6042.17361733958  1.163642E-15
6042.65796399784  1.177964E-15
6043.1423106561  1.157233E-15
6043.62665731436  1.144680E-15
6044.11100397262  1.148821E-15
6044.59535063087  1.166308E-15
6045.07969728913  1.163863E-15
6045.56404394739  1.149765E-15
6046.04839060565  1.134587E-15
6046.5327372639  1.103408E-15
6047.01708392216  1.143862E-15
6047.50143058042  1.151312E-15
6047.98577723868  1.126254E-15
6048.47012389694  1.097860E-15
6048.9544705552  1.110516E-15
6049.43881721345  1.142616E-15
6049.92316387171  1.190389E-15
6050.40751052997  1.183679E-15
6050.89185718823  1.137776E-15
6051.37620384649  1.139123E-15
6051.86055050474  1.165854E-15
6052.344897163  1.170839E-15
6052.82924382126  1.166208E-15
6053.31359047952  1.163752E-15
6053.79793713778  1.148753E-15
6054.28228379603  1.093854E-15
6054.76663045429  1.138608E-15
6055.25097711255  1.142828E-15
6055.73532377081  1.147567E-15
6056.21967042906  1.142497E-15
6056.70401708732  1.161316E-15
6057.18836374558  1.138488E-15
6057.67271040384  1.154199E-15
6058.1570570621  1.146273E-15
6058.64140372035  1.131681E-15
6059.12575037861  1.152933E-15
6059.61009703687  1.143431E-15
6060.09444369513  1.124952E-15
6060.57879035339  1.143179E-15
6061.06313701164  1.148538E-15
6061.5474836699  1.141621E-15
6062.03183032816  1.157997E-15
6062.51617698642  1.169201E-15
6063.00052364468  1.158933E-15
6063.48487030293  1.144752E-15
6063.96921696119  1.137276E-15
6064.45356361945  1.087278E-15
6064.93791027771  1.143152E-15
6065.42225693597  1.172383E-15
6065.90660359422  1.150244E-15
6066.39095025248  1.190585E-15
6066.87529691074  1.146508E-15
6067.359643569  1.092240E-15
6067.84399022726  1.114802E-15
6068.32833688551  1.190743E-15
6068.81268354377  1.162070E-15
6069.29703020203  1.140256E-15
6069.78137686029  1.173147E-15
6070.26572351854  1.162249E-15
6070.7500701768  1.181911E-15
6071.23441683506  1.178584E-15
6071.71876349332  1.159842E-15
6072.20311015158  1.159191E-15
6072.68745680983  1.196795E-15
6073.17180346809  1.187829E-15
6073.65615012635  1.146934E-15
6074.14049678461  1.137983E-15
6074.62484344287  1.142558E-15
6075.10919010112  1.188747E-15
6075.59353675938  1.171041E-15
6076.07788341764  1.143884E-15
6076.5622300759  1.144376E-15
6077.04657673416  1.175065E-15
6077.53092339241  1.202457E-15
6078.01527005067  1.144465E-15
6078.49961670893  1.137633E-15
6078.98396336719  1.116611E-15
6079.46831002545  1.116024E-15
6079.9526566837  1.133608E-15
6080.43700334196  1.204696E-15
6080.92135000022  1.186226E-15
6081.40569665848  1.134755E-15
6081.89004331673  1.141310E-15
6082.37438997499  1.160152E-15
6082.85873663325  1.202538E-15
6083.34308329151  1.137126E-15
6083.82742994977  1.188662E-15
6084.31177660802  1.194194E-15
6084.79612326628  1.173040E-15
6085.28046992454  1.177810E-15
6085.7648165828  1.144342E-15
6086.24916324106  1.190628E-15
6086.73350989931  1.204327E-15
6087.21785655757  1.154574E-15
6087.70220321583  1.183811E-15
6088.18654987409  1.165117E-15
6088.67089653235  1.164468E-15
6089.1552431906  1.185010E-15
6089.63958984886  1.174179E-15
6090.12393650712  1.205049E-15
6090.60828316538  1.197810E-15
6091.09262982364  1.172665E-15
6091.57697648189  1.181923E-15
6092.06132314015  1.180783E-15
6092.54566979841  1.196863E-15
6093.03001645667  1.184041E-15
6093.51436311492  1.159868E-15
6093.99870977318  1.176182E-15
6094.48305643144  1.202670E-15
6094.9674030897  1.183244E-15
6095.45174974796  1.185856E-15
6095.93609640621  1.164820E-15
6096.42044306447  1.191869E-15
6096.90478972273  1.187702E-15
6097.38913638099  1.165860E-15
6097.87348303925  1.189915E-15
6098.3578296975  1.177283E-15
6098.84217635576  1.161700E-15
6099.32652301402  1.148074E-15
6099.81086967228  1.186972E-15
6100.29521633054  1.205771E-15
6100.77956298879  1.181429E-15
6101.26390964705  1.184205E-15
6101.74825630531  1.217657E-15
6102.23260296357  1.232523E-15
6102.71694962182  1.226837E-15
6103.20129628008  1.161172E-15
6103.68564293834  1.190562E-15
6104.1699895966  1.199078E-15
6104.65433625486  1.187407E-15
6105.13868291311  1.217594E-15
6105.62302957137  1.204198E-15
6106.10737622963  1.210894E-15
6106.59172288789  1.231012E-15
6107.07606954615  1.222402E-15
6107.56041620441  1.215772E-15
6108.04476286266  1.188535E-15
6108.52910952092  1.180298E-15
6109.01345617918  1.167744E-15
6109.49780283744  1.188487E-15
6109.98214949569  1.232588E-15
6110.46649615395  1.235818E-15
6110.95084281221  1.198957E-15
6111.43518947047  1.196995E-15
6111.91953612873  1.215535E-15
6112.40388278698  1.242579E-15
6112.88822944524  1.218261E-15
6113.3725761035  1.221439E-15
6113.85692276176  1.239209E-15
6114.34126942002  1.224717E-15
6114.82561607827  1.250306E-15
6115.30996273653  1.244928E-15
6115.79430939479  1.245772E-15
6116.27865605305  1.234080E-15
6116.76300271131  1.171544E-15
6117.24734936956  1.202901E-15
6117.73169602782  1.228839E-15
6118.21604268608  1.228849E-15
6118.70038934434  1.192670E-15
6119.1847360026  1.185646E-15
6119.66908266085  1.198608E-15
6120.15342931911  1.223222E-15
6120.63777597737  1.243452E-15
6121.12212263563  1.217423E-15
6121.60646929388  1.226281E-15
6122.09081595214  1.228152E-15
6122.5751626104  1.204649E-15
6123.05950926866  1.200869E-15
6123.54385592692  1.204047E-15
6124.02820258517  1.194829E-15
6124.51254924343  1.184094E-15
6124.99689590169  1.175158E-15
6125.48124255995  1.228725E-15
6125.96558921821  1.258369E-15
6126.44993587646  1.236260E-15
6126.93428253472  1.218252E-15
6127.41862919298  1.213172E-15
6127.90297585124  1.191514E-15
6128.3873225095  1.200953E-15
6128.87166916775  1.215776E-15
6129.35601582601  1.224571E-15
6129.84036248427  1.222821E-15
6130.32470914253  1.220236E-15
6130.80905580078  1.237801E-15
6131.29340245904  1.184898E-15
6131.7777491173  1.196086E-15
6132.26209577556  1.201026E-15
6132.74644243382  1.226000E-15
6133.23078909207  1.213727E-15
6133.71513575033  1.220666E-15
6134.19948240859  1.252489E-15
6134.68382906685  1.229218E-15
6135.16817572511  1.223464E-15
6135.65252238336  1.225360E-15
6136.13686904162  1.239646E-15
6136.62121569988  1.209128E-15
6137.10556235814  1.197092E-15
6137.5899090164  1.222409E-15
6138.07425567465  1.214163E-15
6138.55860233291  1.220157E-15
6139.04294899117  1.182479E-15
6139.52729564943  1.172593E-15
6140.01164230769  1.189275E-15
6140.49598896594  1.214153E-15
6140.9803356242  1.236170E-15
6141.46468228246  1.215570E-15
6141.94902894072  1.166496E-15
6142.43337559898  1.117340E-15
6142.91772225723  1.071236E-15
6143.40206891549  1.094592E-15
6143.88641557375  1.136052E-15
6144.37076223201  1.120163E-15
6144.85510889027  1.097896E-15
6145.33945554852  1.165845E-15
6145.82380220678  1.226907E-15
6146.30814886504  1.211244E-15
6146.7924955233  1.233409E-15
6147.27684218156  1.251710E-15
6147.76118883981  1.236159E-15
6148.24553549807  1.187499E-15
6148.72988215633  1.191839E-15
6149.21422881459  1.217721E-15
6149.69857547284  1.204534E-15
6150.1829221311  1.224862E-15
6150.66726878936  1.237614E-15
6151.15161544762  1.216882E-15
6151.63596210588  1.243234E-15
6152.12030876413  1.216986E-15
6152.60465542239  1.189960E-15
6153.08900208065  1.172017E-15
6153.57334873891  1.188292E-15
6154.05769539717  1.205762E-15
6154.54204205542  1.175975E-15
6155.02638871368  1.174380E-15
6155.51073537194  1.200627E-15
6155.9950820302  1.235648E-15
6156.47942868846  1.200681E-15
6156.96377534671  1.226418E-15
6157.44812200497  1.222759E-15
6157.93246866323  1.180713E-15
6158.41681532149  1.184694E-15
6158.90116197975  1.195788E-15
6159.385508638  1.201346E-15
6159.86985529626  1.195715E-15
6160.35420195452  1.173561E-15
6160.83854861278  1.176908E-15
6161.32289527103  1.181979E-15
6161.80724192929  1.213240E-15
6162.29158858755  1.207684E-15
6162.77593524581  1.159417E-15
6163.26028190407  1.210603E-15
6163.74462856232  1.251992E-15
6164.22897522058  1.203986E-15
6164.71332187884  1.232009E-15
6165.1976685371  1.205239E-15
6165.68201519536  1.208002E-15
6166.16636185361  1.176925E-15
6166.65070851187  1.191881E-15
6167.13505517013  1.199956E-15
6167.61940182839  1.200787E-15
6168.10374848665  1.163230E-15
6168.5880951449  1.203170E-15
6169.07244180316  1.176537E-15
6169.55678846142  1.197087E-15
6170.04113511968  1.206633E-15
6170.52548177793  1.141077E-15
6171.00982843619  1.189486E-15
6171.49417509445  1.191284E-15
6171.97852175271  1.197323E-15
6172.46286841097  1.191593E-15
6172.94721506922  1.179752E-15
6173.43156172748  1.172294E-15
6173.91590838574  1.178628E-15
6174.400255044  1.177415E-15
6174.88460170226  1.137655E-15
6175.36894836051  1.140553E-15
6175.85329501877  1.132935E-15
6176.33764167703  1.138868E-15
6176.82198833529  1.179873E-15
6177.30633499355  1.205916E-15
6177.79068165181  1.247418E-15
6178.27502831006  1.220409E-15
6178.75937496832  1.223506E-15
6179.24372162658  1.193068E-15
6179.72806828484  1.190517E-15
6180.21241494309  1.213878E-15
6180.69676160135  1.210627E-15
6181.18110825961  1.185312E-15
6181.66545491787  1.215275E-15
6182.14980157613  1.190162E-15
6182.63414823438  1.213283E-15
6183.11849489264  1.222316E-15
6183.6028415509  1.228050E-15
6184.08718820916  1.228425E-15
6184.57153486741  1.187856E-15
6185.05588152567  1.177994E-15
6185.54022818393  1.220928E-15
6186.02457484219  1.225860E-15
6186.50892150045  1.204758E-15
6186.99326815871  1.183669E-15
6187.47761481696  1.164648E-15
6187.96196147522  1.171558E-15
6188.44630813348  1.204560E-15
6188.93065479174  1.211358E-15
6189.41500145  1.230211E-15
6189.89934810825  1.202392E-15
6190.38369476651  1.160365E-15
6190.86804142477  1.236792E-15
6191.35238808303  1.215838E-15
6191.83673474129  1.196944E-15
6192.32108139954  1.163141E-15
6192.8054280578  1.203621E-15
6193.28977471606  1.190441E-15
6193.77412137432  1.223259E-15
6194.25846803257  1.229268E-15
6194.74281469083  1.201792E-15
6195.22716134909  1.200486E-15
6195.71150800735  1.215981E-15
6196.19585466561  1.243659E-15
6196.68020132386  1.258658E-15
6197.16454798212  1.224304E-15
6197.64889464038  1.215092E-15
6198.13324129864  1.248983E-15
6198.61758795689  1.217440E-15
6199.10193461515  1.210676E-15
6199.58628127341  1.198760E-15
6200.07062793167  1.216621E-15
6200.55497458993  1.210370E-15
6201.03932124818  1.207092E-15
6201.52366790644  1.180592E-15
6202.0080145647  1.228622E-15
6202.49236122296  1.238362E-15
6202.97670788122  1.261067E-15
6203.46105453947  1.226919E-15
6203.94540119773  1.236186E-15
6204.42974785599  1.206008E-15
6204.91409451425  1.240613E-15
6205.39844117251  1.256913E-15
6205.88278783077  1.274775E-15
6206.36713448902  1.247368E-15
6206.85148114728  1.234407E-15
6207.33582780554  1.246002E-15
6207.8201744638  1.241105E-15
6208.30452112205  1.195570E-15
6208.78886778031  1.212533E-15
6209.27321443857  1.212901E-15
6209.75756109683  1.220062E-15
6210.24190775509  1.221260E-15
6210.72625441334  1.261686E-15
6211.2106010716  1.241021E-15
6211.69494772986  1.266739E-15
6212.17929438812  1.240046E-15
6212.66364104638  1.246065E-15
6213.14798770463  1.219513E-15
6213.63233436289  1.233180E-15
6214.11668102115  1.217123E-15
6214.60102767941  1.174509E-15
6215.08537433767  1.261706E-15
6215.56972099592  1.262817E-15
6216.05406765418  1.233744E-15
6216.53841431244  1.222335E-15
6217.0227609707  1.240366E-15
6217.50710762896  1.255715E-15
6217.99145428721  1.232127E-15
6218.47580094547  1.245972E-15
6218.96014760373  1.292874E-15
6219.44449426199  1.321049E-15
6219.92884092024  1.314591E-15
6220.4131875785  1.265140E-15
6220.89753423676  1.221405E-15
6221.38188089502  1.256549E-15
6221.86622755328  1.252019E-15
6222.35057421153  1.242345E-15
6222.83492086979  1.274082E-15
6223.31926752805  1.256525E-15
6223.80361418631  1.224194E-15
6224.28796084457  1.237252E-15
6224.77230750282  1.259383E-15
6225.25665416108  1.275663E-15
6225.74100081934  1.276529E-15
6226.2253474776  1.298372E-15
6226.70969413586  1.260688E-15
6227.19404079411  1.260388E-15
6227.67838745237  1.316597E-15
6228.16273411063  1.299624E-15
6228.64708076889  1.283319E-15
6229.13142742714  1.290288E-15
6229.6157740854  1.264420E-15
6230.10012074366  1.258379E-15
6230.58446740192  1.236281E-15
6231.06881406018  1.191395E-15
6231.55316071843  1.155915E-15
6232.03750737669  1.146404E-15
6232.52185403495  1.137336E-15
6233.00620069321  1.093398E-15
6233.49054735147  1.059251E-15
6233.97489400972  1.068345E-15
6234.45924066798  1.137855E-15
6234.94358732624  1.153969E-15
6235.4279339845  1.181739E-15
6235.91228064276  1.208463E-15
6236.39662730101  1.210125E-15
6236.88097395927  1.222606E-15
6237.36532061753  1.229749E-15
6237.84966727579  1.251900E-15
6238.33401393405  1.256843E-15
6238.8183605923  1.271986E-15
6239.30270725056  1.268475E-15
6239.78705390882  1.226440E-15
6240.27140056708  1.201425E-15
6240.75574722533  1.170131E-15
6241.24009388359  1.156552E-15
6241.72444054185  1.165585E-15
6242.20878720011  1.131169E-15
6242.69313385837  1.036621E-15
6243.17748051662  1.106075E-15
6243.66182717488  1.206632E-15
6244.14617383314  1.235795E-15
6244.6305204914  1.274937E-15
6245.11486714966  1.279673E-15
6245.59921380792  1.257760E-15
6246.08356046617  1.238650E-15
6246.56790712443  1.230991E-15
6247.05225378269  1.220344E-15
6247.53660044095  1.209702E-15
6248.02094709921  1.237068E-15
6248.50529375746  1.255103E-15
6248.98964041572  1.198630E-15
6249.47398707398  1.197941E-15
6249.95833373224  1.228209E-15
6250.44268039049  1.196558E-15
6250.92702704875  1.229473E-15
6251.41137370701  1.243669E-15
6251.89572036527  1.228813E-15
6252.38006702353  1.259489E-15
6252.86441368178  1.246640E-15
6253.34876034004  1.197336E-15
6253.8331069983  1.176251E-15
6254.31745365656  1.228484E-15
6254.80180031482  1.187916E-15
6255.28614697307  1.153960E-15
6255.77049363133  1.202513E-15
6256.25484028959  1.200238E-15
6256.73918694785  1.168208E-15
6257.22353360611  1.214355E-15
6257.70788026436  1.262627E-15
6258.19222692262  1.235061E-15
6258.67657358088  1.269640E-15
6259.16092023914  1.279619E-15
6259.64526689739  1.232318E-15
6260.12961355565  1.218595E-15
6260.61396021391  1.247484E-15
6261.09830687217  1.232668E-15
6261.58265353043  1.221942E-15
6262.06700018868  1.248875E-15
6262.55134684694  1.224674E-15
6263.0356935052  1.243999E-15
6263.52004016346  1.253141E-15
6264.00438682172  1.205849E-15
6264.48873347997  1.216395E-15
6264.97308013823  1.225150E-15
6265.45742679649  1.235548E-15
6265.94177345475  1.255716E-15
6266.42612011301  1.240684E-15
6266.91046677126  1.231220E-15
6267.39481342952  1.188116E-15
6267.87916008778  1.217932E-15
6268.36350674604  1.260673E-15
6268.8478534043  1.213030E-15
6269.33220006255  1.207062E-15
6269.81654672081  1.185004E-15
6270.30089337907  1.191978E-15
6270.78524003733  1.221502E-15
6271.26958669559  1.244764E-15
6271.75393335384  1.255424E-15
6272.2382800121  1.230653E-15
6272.72262667036  1.198513E-15
6273.20697332862  1.186079E-15
6273.69131998687  1.211972E-15
6274.17566664513  1.203327E-15
6274.66001330339  1.138942E-15
6275.14435996165  1.130653E-15
6275.62870661991  1.182929E-15
6276.11305327816  1.210330E-15
6276.59739993642  1.187044E-15
6277.08174659468  1.150416E-15
6277.56609325294  1.193081E-15
6278.0504399112  1.183390E-15
6278.53478656945  1.152006E-15
6279.01913322771  1.169693E-15
6279.50347988597  1.201593E-15
6279.98782654423  1.232684E-15
6280.47217320249  1.198113E-15
6280.95651986074  1.190553E-15
6281.440866519  1.199969E-15
6281.92521317726  1.206784E-15
6282.40955983552  1.222110E-15
6282.89390649378  1.208914E-15
6283.37825315203  1.208605E-15
6283.86259981029  1.192692E-15
6284.34694646855  1.195251E-15
6284.83129312681  1.230303E-15
6285.31563978507  1.201733E-15
6285.79998644332  1.195313E-15
6286.28433310158  1.214429E-15
6286.76867975984  1.249307E-15
6287.2530264181  1.267331E-15
6287.73737307635  1.252613E-15
6288.22171973461  1.230562E-15
6288.70606639287  1.201078E-15
6289.19041305113  1.226083E-15
6289.67475970939  1.216922E-15
6290.15910636764  1.213035E-15
6290.6434530259  1.236730E-15
6291.12779968416  1.201020E-15
6291.61214634242  1.225624E-15
6292.09649300068  1.210537E-15
6292.58083965893  1.190095E-15
6293.06518631719  1.200357E-15
6293.54953297545  1.190914E-15
6294.03387963371  1.229064E-15
6294.51822629197  1.240878E-15
6295.00257295022  1.232728E-15
6295.48691960848  1.261729E-15
6295.97126626674  1.258583E-15
6296.455612925  1.236599E-15
6296.93995958326  1.208169E-15
6297.42430624151  1.271051E-15
6297.90865289977  1.241133E-15
6298.39299955803  1.229179E-15
6298.87734621629  1.229235E-15
6299.36169287454  1.233013E-15
6299.8460395328  1.211669E-15
6300.33038619106  1.212378E-15
6300.81473284932  1.200626E-15
6301.29907950758  1.266833E-15
6301.78342616583  1.227901E-15
6302.26777282409  1.227949E-15
6302.75211948235  1.236907E-15
6303.23646614061  1.221801E-15
6303.72081279887  1.201404E-15
6304.20515945712  1.195299E-15
6304.68950611538  1.200712E-15
6305.17385277364  1.201833E-15
6305.6581994319  1.211835E-15
6306.14254609016  1.221682E-15
6306.62689274841  1.196562E-15
6307.11123940667  1.216302E-15
6307.59558606493  1.226679E-15
6308.07993272319  1.206383E-15
6308.56427938145  1.201413E-15
6309.0486260397  1.259210E-15
6309.53297269796  1.242068E-15
6310.01731935622  1.206270E-15
6310.50166601448  1.226390E-15
6310.98601267273  1.233992E-15
6311.47035933099  1.243816E-15
6311.95470598925  1.232325E-15
6312.43905264751  1.214301E-15
6312.92339930577  1.257060E-15
6313.40774596403  1.249427E-15
6313.89209262228  1.207779E-15
6314.37643928054  1.190028E-15
6314.8607859388  1.240380E-15
6315.34513259706  1.204895E-15
6315.82947925532  1.165275E-15
6316.31382591357  1.198640E-15
6316.79817257183  1.249097E-15
6317.28251923009  1.209468E-15
6317.76686588835  1.232952E-15
6318.2512125466  1.254197E-15
6318.73555920486  1.215386E-15
6319.21990586312  1.227412E-15
6319.70425252138  1.223915E-15
6320.18859917964  1.230360E-15
6320.67294583789  1.208824E-15
6321.15729249615  1.233653E-15
6321.64163915441  1.239144E-15
6322.12598581267  1.251678E-15
6322.61033247092  1.236608E-15
6323.09467912918  1.225313E-15
6323.57902578744  1.241018E-15
6324.0633724457  1.256919E-15
6324.54771910396  1.306461E-15
6325.03206576222  1.247889E-15
6325.51641242047  1.255867E-15
6326.00075907873  1.267971E-15
6326.48510573699  1.247511E-15
6326.96945239525  1.274173E-15
6327.4537990535  1.245074E-15
6327.93814571176  1.235397E-15
6328.42249237002  1.253667E-15
6328.90683902828  1.256200E-15
6329.39118568654  1.271665E-15
6329.87553234479  1.227461E-15
6330.35987900305  1.231416E-15
6330.84422566131  1.238167E-15
6331.32857231957  1.255878E-15
6331.81291897783  1.249637E-15
6332.29726563608  1.263324E-15
6332.78161229434  1.274690E-15
6333.2659589526  1.263089E-15
6333.75030561086  1.240540E-15
6334.23465226912  1.199986E-15
6334.71899892737  1.155250E-15
6335.20334558563  1.241390E-15
6335.68769224389  1.256879E-15
6336.17203890215  1.266197E-15
6336.65638556041  1.242243E-15
6337.14073221866  1.242190E-15
6337.62507887692  1.244421E-15
6338.10942553518  1.247407E-15
6338.59377219344  1.225411E-15
6339.0781188517  1.242379E-15
6339.56246550995  1.271253E-15
6340.04681216821  1.238146E-15
6340.53115882647  1.215295E-15
6341.01550548473  1.216144E-15
6341.49985214298  1.210313E-15
6341.98419880124  1.131138E-15
6342.4685454595  1.067584E-15
6342.95289211776  1.151672E-15
6343.43723877602  1.176490E-15
6343.92158543428  1.237395E-15
6344.40593209253  1.264774E-15
6344.89027875079  1.265395E-15
6345.37462540905  1.296773E-15
6345.85897206731  1.308776E-15
6346.34331872556  1.281591E-15
6346.82766538382  1.315213E-15
6347.31201204208  1.289910E-15
6347.79635870034  1.300478E-15
6348.2807053586  1.286093E-15
6348.76505201685  1.304679E-15
6349.24939867511  1.259977E-15
6349.73374533337  1.331705E-15
6350.21809199163  1.312274E-15
6350.70243864988  1.302107E-15
6351.18678530814  1.299354E-15
6351.6711319664  1.234721E-15
6352.15547862466  1.274051E-15
6352.63982528292  1.299904E-15
6353.12417194117  1.287106E-15
6353.60851859943  1.281862E-15
6354.09286525769  1.313572E-15
6354.57721191595  1.296230E-15
6355.06155857421  1.289579E-15
6355.54590523246  1.257629E-15
6356.03025189072  1.268085E-15
6356.51459854898  1.263486E-15
6356.99894520724  1.281371E-15
6357.4832918655  1.309220E-15
6357.96763852375  1.334456E-15
6358.45198518201  1.305514E-15
6358.93633184027  1.316185E-15
6359.42067849853  1.288412E-15
6359.90502515679  1.272496E-15
6360.38937181504  1.275356E-15
6360.8737184733  1.286872E-15
6361.35806513156  1.310757E-15
6361.84241178982  1.302482E-15
6362.32675844808  1.297038E-15
6362.81110510633  1.277077E-15
6363.29545176459  1.284719E-15
6363.77979842285  1.264307E-15
6364.26414508111  1.265576E-15
6364.74849173937  1.287821E-15
6365.23283839762  1.266092E-15
6365.71718505588  1.268135E-15
6366.20153171414  1.259299E-15
6366.6858783724  1.213082E-15
6367.17022503065  1.206285E-15
6367.65457168891  1.255680E-15
6368.13891834717  1.317686E-15
6368.62326500543  1.298708E-15
6369.10761166369  1.306290E-15
6369.59195832194  1.274709E-15
6370.0763049802  1.268650E-15
6370.56065163846  1.305375E-15
6371.04499829672  1.338263E-15
6371.52934495498  1.331992E-15
6372.01369161324  1.304128E-15
6372.49803827149  1.304144E-15
6372.98238492975  1.310700E-15
6373.46673158801  1.276781E-15
6373.95107824627  1.297834E-15
6374.43542490452  1.269581E-15
6374.91977156278  1.281369E-15
6375.40411822104  1.266311E-15
6375.8884648793  1.309677E-15
6376.37281153756  1.364899E-15
6376.85715819581  1.294604E-15
6377.34150485407  1.313290E-15
6377.82585151233  1.336328E-15
6378.31019817059  1.318773E-15
6378.79454482885  1.297033E-15
6379.2788914871  1.333355E-15
6379.76323814536  1.304837E-15
6380.24758480362  1.302115E-15
6380.73193146188  1.319398E-15
6381.21627812013  1.316756E-15
6381.70062477839  1.308399E-15
6382.18497143665  1.261350E-15
6382.66931809491  1.325629E-15
6383.15366475317  1.336945E-15
6383.63801141142  1.336983E-15
6384.12235806968  1.342570E-15
6384.60670472794  1.278348E-15
6385.0910513862  1.332400E-15
6385.57539804446  1.357315E-15
6386.05974470271  1.295508E-15
6386.54409136097  1.310818E-15
6387.02843801923  1.344587E-15
6387.51278467749  1.323127E-15
6387.99713133575  1.350701E-15
6388.481477994  1.313564E-15
6388.96582465226  1.300732E-15
6389.45017131052  1.274511E-15
6389.93451796878  1.297146E-15
6390.41886462704  1.314541E-15
6390.90321128529  1.345879E-15
6391.38755794355  1.348398E-15
6391.87190460181  1.313420E-15
6392.35625126007  1.299579E-15
6392.84059791832  1.336408E-15
6393.32494457658  1.303964E-15
6393.80929123484  1.315990E-15
6394.2936378931  1.320556E-15
6394.77798455136  1.344936E-15
6395.26233120962  1.363137E-15
6395.74667786787  1.361749E-15
6396.23102452613  1.297848E-15
6396.71537118439  1.308962E-15
6397.19971784265  1.353030E-15
6397.6840645009  1.347109E-15
6398.16841115916  1.396067E-15
6398.65275781742  1.359591E-15
6399.13710447568  1.342818E-15
6399.62145113394  1.406714E-15
6400.10579779219  1.359984E-15
6400.59014445045  1.344235E-15
6401.07449110871  1.344188E-15
6401.55883776697  1.341378E-15
6402.04318442523  1.332457E-15
6402.52753108348  1.282304E-15
6403.01187774174  1.305938E-15
6403.4962244  1.374779E-15
6403.98057105826  1.380739E-15
6404.46491771652  1.384947E-15
6404.94926437477  1.377916E-15
6405.43361103303  1.355091E-15
6405.91795769129  1.321886E-15
6406.40230434955  1.359704E-15
6406.88665100781  1.383699E-15
6407.37099766606  1.385810E-15
6407.85534432432  1.368419E-15
6408.33969098258  1.384877E-15
6408.82403764084  1.348745E-15
6409.3083842991  1.360790E-15
6409.79273095735  1.387017E-15
6410.27707761561  1.366232E-15
6410.76142427387  1.362395E-15
6411.24577093213  1.332683E-15
6411.73011759039  1.318987E-15
6412.21446424864  1.264044E-15
6412.6988109069  1.296743E-15
6413.18315756516  1.387646E-15
6413.66750422342  1.399078E-15
6414.15185088168  1.402042E-15
6414.63619753993  1.397986E-15
6415.12054419819  1.423321E-15
6415.60489085645  1.404066E-15
6416.0892375147  1.352761E-15
6416.57358417296  1.392648E-15
6417.05793083122  1.408590E-15
6417.54227748948  1.397658E-15
6418.02662414774  1.383387E-15
6418.510970806  1.346752E-15
6418.99531746425  1.358261E-15
6419.47966412251  1.380545E-15
6419.96401078077  1.392538E-15
6420.44835743903  1.421331E-15
6420.93270409729  1.413084E-15
6421.41705075554  1.403781E-15
6421.9013974138  1.399395E-15
6422.38574407206  1.398131E-15
6422.87009073032  1.406540E-15
6423.35443738857  1.431472E-15
6423.83878404683  1.413828E-15
6424.32313070509  1.316812E-15
6424.80747736335  1.370821E-15
6425.29182402161  1.420229E-15
6425.77617067986  1.377423E-15
6426.26051733812  1.331235E-15
6426.74486399638  1.388390E-15
6427.22921065464  1.321633E-15
6427.7135573129  1.280273E-15
6428.19790397116  1.322302E-15
6428.68225062941  1.440158E-15
6429.16659728767  1.477157E-15
6429.65094394593  1.496713E-15
6430.13529060419  1.461359E-15
6430.61963726244  1.470658E-15
6431.1039839207  1.437604E-15
6431.58833057896  1.443576E-15
6432.07267723722  1.483348E-15
6432.55702389548  1.465675E-15
6433.04137055373  1.438954E-15
6433.52571721199  1.445316E-15
6434.01006387025  1.464781E-15
6434.49441052851  1.423940E-15
6434.97875718677  1.445106E-15
6435.46310384502  1.437552E-15
6435.94745050328  1.410589E-15
6436.43179716154  1.429180E-15
6436.9161438198  1.438572E-15
6437.40049047806  1.440774E-15
6437.88483713631  1.485525E-15
6438.36918379457  1.421589E-15
6438.85353045283  1.446798E-15
6439.33787711109  1.453466E-15
6439.82222376935  1.452278E-15
6440.3065704276  1.464493E-15
6440.79091708586  1.446863E-15
6441.27526374412  1.395079E-15
6441.75961040238  1.363914E-15
6442.24395706064  1.438993E-15
6442.72830371889  1.454448E-15
6443.21265037715  1.453775E-15
6443.69699703541  1.449497E-15
6444.18134369367  1.463554E-15
6444.66569035192  1.492142E-15
6445.15003701018  1.490113E-15
6445.63438366844  1.454949E-15
6446.1187303267  1.408458E-15
6446.60307698495  1.477515E-15
6447.08742364321  1.537862E-15
6447.57177030147  1.511171E-15
6448.05611695973  1.487698E-15
6448.54046361799  1.506203E-15
6449.02481027624  1.515937E-15
6449.5091569345  1.514065E-15
6449.99350359276  1.547697E-15
6450.47785025102  1.474941E-15
6450.96219690928  1.344602E-15
6451.44654356754  1.297113E-15
6451.93089022579  1.381720E-15
6452.41523688405  1.519742E-15
6452.89958354231  1.558776E-15
6453.38393020057  1.537954E-15
6453.86827685883  1.575700E-15
6454.35262351708  1.596729E-15
6454.83697017534  1.543120E-15
6455.3213168336  1.564733E-15
6455.80566349186  1.500337E-15
6456.29001015011  1.527644E-15
6456.77435680837  1.563516E-15
6457.25870346663  1.581321E-15
6457.74305012489  1.590663E-15
6458.22739678315  1.585833E-15
6458.7117434414  1.565961E-15
6459.19609009966  1.547276E-15
6459.68043675792  1.557955E-15
6460.16478341618  1.576224E-15
6460.64913007444  1.620460E-15
6461.13347673269  1.655463E-15
6461.61782339095  1.628290E-15
6462.10217004921  1.628873E-15
6462.58651670747  1.663363E-15
6463.07086336573  1.651696E-15
6463.55521002398  1.615981E-15
6464.03955668224  1.614783E-15
6464.5239033405  1.595047E-15
6465.00824999876  1.629035E-15
6465.49259665702  1.661203E-15
6465.97694331527  1.609052E-15
6466.46128997353  1.622384E-15
6466.94563663179  1.681003E-15
6467.42998329005  1.616198E-15
6467.9143299483  1.619320E-15
6468.39867660656  1.682270E-15
6468.88302326482  1.658345E-15
6469.36736992308  1.659601E-15
6469.85171658134  1.719938E-15
6470.33606323959  1.650067E-15
6470.82040989785  1.635321E-15
6471.30475655611  1.648513E-15
6471.78910321437  1.666230E-15
6472.27344987263  1.687836E-15
6472.75779653088  1.721181E-15
6473.24214318914  1.675210E-15
6473.7264898474  1.680832E-15
6474.21083650566  1.731364E-15
6474.69518316392  1.725559E-15
6475.17952982217  1.689204E-15
6475.66387648043  1.670230E-15
6476.14822313869  1.705112E-15
6476.63256979695  1.664022E-15
6477.11691645521  1.649966E-15
6477.60126311346  1.710228E-15
6478.08560977172  1.754639E-15
6478.56995642998  1.747450E-15
6479.05430308824  1.754572E-15
6479.53864974649  1.799330E-15
6480.02299640475  1.809590E-15
6480.50734306301  1.782426E-15
6480.99168972127  1.777169E-15
6481.47603637953  1.780368E-15
6481.96038303778  1.805389E-15
6482.44472969604  1.825982E-15
6482.9290763543  1.828412E-15
6483.41342301256  1.839789E-15
6483.89776967082  1.805613E-15
6484.38211632908  1.810576E-15
6484.86646298733  1.828330E-15
6485.35080964559  1.811450E-15
6485.83515630385  1.781592E-15
6486.31950296211  1.655224E-15
6486.80384962036  1.663178E-15
6487.28819627862  1.818337E-15
6487.77254293688  1.881923E-15
6488.25688959514  1.878425E-15
6488.7412362534  1.909755E-15
6489.22558291165  1.922125E-15
6489.70992956991  1.911453E-15
6490.19427622817  1.937342E-15
6490.67862288643  1.936069E-15
6491.16296954469  1.960214E-15
6491.64731620294  1.951768E-15
6492.1316628612  1.875293E-15
6492.61600951946  1.919621E-15
6493.10035617772  2.030343E-15
6493.58470283598  2.074385E-15
6494.06904949423  2.075795E-15
6494.55339615249  2.073392E-15
6495.03774281075  2.073394E-15
6495.52208946901  2.054959E-15
6496.00643612726  2.053558E-15
6496.49078278552  2.140582E-15
6496.97512944378  2.163773E-15
6497.45947610204  2.147547E-15
6497.9438227603  2.149471E-15
6498.42816941855  2.136511E-15
6498.91251607681  2.146257E-15
6499.39686273507  2.197519E-15
6499.88120939333  2.185536E-15
6500.36555605159  2.193985E-15
6500.84990270984  2.226020E-15
6501.3342493681  2.207031E-15
6501.81859602636  2.222466E-15
6502.30294268462  2.228135E-15
6502.78728934288  2.226780E-15
6503.27163600113  2.242952E-15
6503.75598265939  2.276418E-15
6504.24032931765  2.319055E-15
6504.72467597591  2.307603E-15
6505.20902263416  2.293436E-15
6505.69336929242  2.299177E-15
6506.17771595068  2.348928E-15
6506.66206260894  2.328416E-15
6507.1464092672  2.337559E-15
6507.63075592545  2.345417E-15
6508.11510258371  2.326084E-15
6508.59944924197  2.296154E-15
6509.08379590023  2.302351E-15
6509.56814255849  2.418930E-15
6510.05248921674  2.327772E-15
6510.536835875  2.207509E-15
6511.02118253326  2.107660E-15
6511.50552919152  2.111391E-15
6511.98987584978  2.257324E-15
6512.47422250803  2.449715E-15
6512.95856916629  2.544820E-15
6513.44291582455  2.524525E-15
6513.92726248281  2.533425E-15
6514.41160914107  2.498695E-15
6514.89595579932  2.500146E-15
6515.38030245758  2.555625E-15
6515.86464911584  2.497922E-15
6516.3489957741  2.471051E-15
6516.83334243235  2.572409E-15
6517.31768909061  2.596935E-15
6517.80203574887  2.597855E-15
6518.28638240713  2.527946E-15
6518.77072906539  2.611972E-15
6519.25507572364  2.678845E-15
6519.7394223819  2.651085E-15
6520.22376904016  2.663618E-15
6520.70811569842  2.687564E-15
6521.19246235668  2.690717E-15
6521.67680901493  2.680534E-15
6522.16115567319  2.663126E-15
6522.64550233145  2.722543E-15
6523.12984898971  2.710574E-15
6523.61419564797  2.667728E-15
6524.09854230623  2.744698E-15
6524.58288896448  2.736600E-15
6525.06723562274  2.745295E-15
6525.551582281  2.726327E-15
6526.03592893926  2.755634E-15
6526.52027559751  2.829931E-15
6527.00462225577  2.820907E-15
6527.48896891403  2.833634E-15
6527.97331557229  2.887654E-15
6528.45766223055  2.895041E-15
6528.9420088888  2.951928E-15
6529.42635554706  2.998036E-15
6529.91070220532  2.880257E-15
6530.39504886358  2.956088E-15
6530.87939552184  2.979756E-15
6531.36374218009  2.959998E-15
6531.84808883835  3.040186E-15
6532.33243549661  3.029934E-15
6532.81678215487  2.966998E-15
6533.30112881313  3.042328E-15
6533.78547547138  3.104091E-15
6534.26982212964  3.039144E-15
6534.7541687879  3.119081E-15
6535.23851544616  3.083565E-15
6535.72286210441  3.081778E-15
6536.20720876267  3.102514E-15
6536.69155542093  3.200140E-15
6537.17590207919  3.246160E-15
6537.66024873745  3.296181E-15
6538.1445953957  3.179859E-15
6538.62894205396  3.218416E-15
6539.11328871222  3.242252E-15
6539.59763537048  3.295403E-15
6540.08198202874  3.340509E-15
6540.56632868699  3.306813E-15
6541.05067534525  3.340506E-15
6541.53502200351  3.487682E-15
6542.01936866177  3.468226E-15
6542.50371532003  3.404498E-15
6542.98806197828  3.460189E-15
6543.47240863654  3.520964E-15
6543.9567552948  3.522479E-15
6544.44110195306  3.649172E-15
6544.92544861131  3.631978E-15
6545.40979526957  3.581746E-15
6545.89414192783  3.648917E-15
6546.37848858609  3.695012E-15
6546.86283524435  3.721818E-15
6547.3471819026  3.682900E-15
6547.83152856086  3.693891E-15
6548.31587521912  3.775731E-15
6548.80022187738  3.830894E-15
6549.28456853564  3.781372E-15
6549.76891519389  3.812760E-15
6550.25326185215  3.860375E-15
6550.73760851041  3.834411E-15
6551.22195516867  3.821408E-15
6551.70630182693  3.947557E-15
6552.19064848518  3.907304E-15
6552.67499514344  3.897735E-15
6553.1593418017  3.927459E-15
6553.64368845996  3.906797E-15
6554.12803511822  3.777745E-15
6554.61238177648  3.672155E-15
6555.09672843473  3.767869E-15
6555.58107509299  3.990150E-15
6556.06542175125  4.020532E-15
6556.54976840951  3.806937E-15
6557.03411506776  3.112616E-15
6557.51846172602  2.263728E-15
6558.00280838428  2.628254E-15
6558.48715504254  5.058679E-15
6558.97150170079  7.979133E-15
6559.45584835905  8.680260E-15
6559.94019501731  7.775235E-15
6560.42454167557  6.184319E-15
6560.90888833383  4.942479E-15
6561.39323499209  4.505171E-15
6561.87758165034  4.315664E-15
6562.3619283086  4.134235E-15
6562.84627496686  4.046288E-15
6563.33062162512  3.983821E-15
6563.81496828338  3.990135E-15
6564.29931494163  3.936000E-15
6564.78366159989  3.941121E-15
6565.26800825815  3.872180E-15
6565.75235491641  3.866716E-15
6566.23670157466  3.807618E-15
6566.72104823292  3.744871E-15
6567.20539489118  3.714357E-15
6567.68974154944  3.752820E-15
6568.1740882077  3.695358E-15
6568.65843486595  3.623312E-15
6569.14278152421  3.595378E-15
6569.62712818247  3.549591E-15
6570.11147484073  3.510593E-15
6570.59582149899  3.426160E-15
6571.08016815724  3.433564E-15
6571.5645148155  3.420461E-15
6572.04886147376  3.395182E-15
6572.53320813202  3.375526E-15
6573.01755479028  3.332013E-15
6573.50190144853  3.314017E-15
6573.98624810679  3.241317E-15
6574.47059476505  3.280888E-15
6574.95494142331  3.216530E-15
6575.43928808156  3.197481E-15
6575.92363473982  3.162187E-15
6576.40798139808  3.096518E-15
6576.89232805634  3.112568E-15
6577.3766747146  3.073343E-15
6577.86102137285  3.025176E-15
6578.34536803111  3.069713E-15
6578.82971468937  3.082730E-15
6579.31406134763  3.045416E-15
6579.79840800589  3.040293E-15
6580.28275466414  2.956889E-15
6580.7671013224  2.931767E-15
6581.25144798066  2.858725E-15
6581.73579463892  2.833154E-15
6582.22014129718  2.858429E-15
6582.70448795543  2.788205E-15
6583.18883461369  2.821211E-15
6583.67318127195  2.764693E-15
6584.15752793021  2.759921E-15
6584.64187458847  2.734308E-15
6585.12622124672  2.670623E-15
6585.61056790498  2.675650E-15
6586.09491456324  2.703446E-15
6586.5792612215  2.675755E-15
6587.06360787975  2.549634E-15
6587.54795453801  2.602451E-15
6588.03230119627  2.600289E-15
6588.51664785453  2.626837E-15
6589.00099451279  2.628115E-15
6589.48534117104  2.604153E-15
6589.9696878293  2.536589E-15
6590.45403448756  2.527831E-15
6590.93838114582  2.488549E-15
6591.42272780408  2.503689E-15
6591.90707446233  2.419185E-15
6592.39142112059  2.412236E-15
6592.87576777885  2.401836E-15
6593.36011443711  2.395853E-15
6593.84446109537  2.320153E-15
6594.32880775363  2.378743E-15
6594.81315441188  2.371712E-15
6595.29750107014  2.269570E-15
6595.7818477284  2.316220E-15
6596.26619438666  2.308086E-15
6596.75054104491  2.243074E-15
6597.23488770317  2.262131E-15
6597.71923436143  2.239338E-15
6598.20358101969  2.203618E-15
6598.68792767795  2.147500E-15
6599.1722743362  2.169369E-15
6599.65662099446  1.499140E-15
6600.14096765272  8.590342E-16
6600.62531431098  2.036605E-15
6601.10966096923  2.037657E-15
6601.59400762749  2.039792E-15
6602.07835428575  1.996948E-15
6602.56270094401  2.060723E-15
6603.04704760227  2.110533E-15
6603.53139426053  2.109073E-15
6604.01574091878  2.112794E-15
6604.50008757704  2.034676E-15
6604.9844342353  2.026049E-15
6605.46878089356  2.031310E-15
6605.95312755181  2.042685E-15
6606.43747421007  2.044307E-15
6606.92182086833  1.977492E-15
6607.40616752659  1.947453E-15
6607.89051418485  1.971250E-15
6608.3748608431  1.992632E-15
6608.85920750136  1.960825E-15
6609.34355415962  1.942403E-15
6609.82790081788  1.908709E-15
6610.31224747614  1.851051E-15
6610.79659413439  1.850162E-15
6611.28094079265  1.894675E-15
6611.76528745091  1.884550E-15
6612.24963410917  1.847746E-15
6612.73398076743  1.867723E-15
6613.21832742568  1.875815E-15
6613.70267408394  1.858408E-15
6614.1870207422  1.814236E-15
6614.67136740046  1.791714E-15
6615.15571405871  1.870299E-15
6615.64006071697  1.842207E-15
6616.12440737523  1.790032E-15
6616.60875403349  1.742352E-15
6617.09310069175  1.761155E-15
6617.57744735  1.797259E-15
6618.06179400826  1.767664E-15
6618.54614066652  1.741527E-15
6619.03048732478  1.715939E-15
6619.51483398304  1.684883E-15
6619.99918064129  1.696687E-15
6620.48352729955  1.733266E-15
6620.96787395781  1.715857E-15
6621.45222061607  1.672093E-15
6621.93656727433  1.653528E-15
6622.42091393259  1.699354E-15
6622.90526059084  1.671082E-15
6623.3896072491  1.632360E-15
6623.87395390736  1.671032E-15
6624.35830056562  1.690147E-15
6624.84264722387  1.674041E-15
6625.32699388213  1.632775E-15
6625.81134054039  1.617416E-15
6626.29568719865  1.645644E-15
6626.78003385691  1.612393E-15
6627.26438051516  1.575465E-15
6627.74872717342  1.615167E-15
6628.23307383168  1.563294E-15
6628.71742048994  1.537692E-15
6629.20176714819  1.581963E-15
6629.68611380645  1.581122E-15
6630.17046046471  1.580700E-15
6630.65480712297  1.536804E-15
6631.13915378123  1.538898E-15
6631.62350043949  1.585612E-15
6632.10784709774  1.541659E-15
6632.592193756  1.510798E-15
6633.07654041426  1.560397E-15
6633.56088707252  1.554938E-15
6634.04523373078  1.510372E-15
6634.52958038903  1.497856E-15
6635.01392704729  1.498397E-15
6635.49827370555  1.488305E-15
6635.98262036381  1.520239E-15
6636.46696702206  1.503409E-15
6636.95131368032  1.493671E-15
6637.43566033858  1.510393E-15
6637.92000699684  1.471742E-15
6638.4043536551  1.465202E-15
6638.88870031335  1.479616E-15
6639.37304697161  1.526720E-15
6639.85739362987  1.487115E-15
6640.34174028813  1.470983E-15
6640.82608694639  1.473649E-15
6641.31043360464  1.467223E-15
6641.7947802629  1.481630E-15
6642.27912692116  1.481673E-15
6642.76347357942  1.445585E-15
6643.24782023768  1.455038E-15
6643.73216689593  1.497884E-15
6644.21651355419  1.448945E-15
6644.70086021245  1.410780E-15
6645.18520687071  1.473507E-15
6645.66955352896  1.439568E-15
6646.15390018722  1.465220E-15
6646.63824684548  1.479957E-15
6647.12259350374  1.429859E-15
6647.606940162  1.447186E-15
6648.09128682025  1.438251E-15
6648.57563347851  1.413976E-15
6649.05998013677  1.456042E-15
6649.54432679503  1.421112E-15
6650.02867345329  1.446096E-15
6650.51302011154  1.473932E-15
6650.9973667698  1.470581E-15
6651.48171342806  1.400873E-15
6651.96606008632  1.421877E-15
6652.45040674458  1.392474E-15
6652.93475340283  1.369541E-15
6653.41910006109  1.392050E-15
6653.90344671935  1.425647E-15
6654.38779337761  1.416189E-15
6654.87214003587  1.382299E-15
6655.35648669412  1.376733E-15
6655.84083335238  1.408499E-15
6656.32518001064  1.433405E-15
6656.8095266689  1.374905E-15
6657.29387332716  1.436184E-15
6657.77821998541  1.422048E-15
6658.26256664367  1.399136E-15
6658.74691330193  1.436795E-15
6659.23125996019  1.384155E-15
6659.71560661845  1.387582E-15
6660.1999532767  1.413163E-15
6660.68429993496  1.395927E-15
6661.16864659322  1.414441E-15
6661.65299325148  1.452473E-15
6662.13733990973  1.420841E-15
6662.62168656799  1.373346E-15
6663.10603322625  1.451734E-15
6663.59037988451  1.415062E-15
6664.07472654277  1.430472E-15
6664.55907320102  1.415307E-15
6665.04341985928  1.408091E-15
6665.52776651754  1.399364E-15
6666.0121131758  1.442487E-15
6666.49645983406  1.486408E-15
6666.98080649231  1.488888E-15
6667.46515315057  1.437825E-15
6667.94949980883  1.418277E-15
6668.43384646709  1.422779E-15
6668.91819312535  1.428548E-15
6669.4025397836  1.403129E-15
6669.88688644186  1.440553E-15
6670.37123310012  1.404828E-15
6670.85557975838  1.444792E-15
6671.33992641663  1.413310E-15
6671.82427307489  1.364705E-15
6672.30861973315  1.344249E-15
6672.79296639141  1.342972E-15
6673.27731304967  1.397444E-15
6673.76165970792  1.429165E-15
6674.24600636618  1.413030E-15
6674.73035302444  1.341775E-15
6675.2146996827  1.368226E-15
6675.69904634096  1.423526E-15
6676.18339299921  1.416850E-15
6676.66773965747  1.403844E-15
6677.15208631573  1.377279E-15
6677.63643297399  1.397319E-15
6678.12077963225  1.435331E-15
6678.6051262905  1.458697E-15
6679.08947294876  1.440247E-15
6679.57381960702  1.427448E-15
6680.05816626528  1.407286E-15
6680.54251292354  1.411366E-15
6681.02685958179  1.402755E-15
6681.51120624005  1.394064E-15
6681.99555289831  1.381784E-15
6682.47989955657  1.416859E-15
6682.96424621483  1.419791E-15
6683.44859287308  1.421582E-15
6683.93293953134  1.414559E-15
6684.4172861896  1.389262E-15
6684.90163284786  1.453998E-15
6685.38597950611  1.405807E-15
6685.87032616437  1.381010E-15
6686.35467282263  1.430128E-15
6686.83901948089  1.386744E-15
6687.32336613915  1.346995E-15
6687.8077127974  1.413427E-15
6688.29205945566  1.382025E-15
6688.77640611392  1.387454E-15
6689.26075277218  1.359633E-15
6689.74509943044  1.332164E-15
6690.22944608869  1.316368E-15
6690.71379274695  1.329505E-15
6691.19813940521  1.396651E-15
6691.68248606347  1.404142E-15
6692.16683272173  1.339514E-15
6692.65117937999  1.346640E-15
6693.13552603824  1.365234E-15
6693.6198726965  1.319858E-15
6694.10421935476  1.331626E-15
6694.58856601301  1.309622E-15
6695.07291267127  1.315712E-15
6695.55725932953  1.336866E-15
6696.04160598779  1.301164E-15
6696.52595264605  1.312823E-15
6697.0102993043  1.302425E-15
6697.49464596256  1.290224E-15
6697.97899262082  1.302556E-15
6698.46333927908  1.280798E-15
6698.94768593734  1.315667E-15
6699.43203259559  1.358334E-15
6699.91637925385  1.297874E-15
6700.40072591211  1.292964E-15
6700.88507257037  1.312983E-15
6701.36941922863  1.319056E-15
6701.85376588688  1.312488E-15
6702.33811254514  1.312425E-15
6702.8224592034  1.318357E-15
6703.30680586166  1.274507E-15
6703.79115251992  1.296224E-15
6704.27549917817  1.342004E-15
6704.75984583643  1.308222E-15
6705.24419249469  1.294322E-15
6705.72853915295  1.291058E-15
6706.21288581121  1.318279E-15
6706.69723246946  1.285675E-15
6707.18157912772  1.322438E-15
6707.66592578598  1.326647E-15
6708.15027244424  1.294016E-15
6708.6346191025  1.260111E-15
6709.11896576075  1.268369E-15
6709.60331241901  1.292788E-15
6710.08765907727  1.264874E-15
6710.57200573553  1.267215E-15
6711.05635239379  1.254496E-15
6711.54069905204  1.270624E-15
6712.0250457103  1.225601E-15
6712.50939236856  1.182637E-15
6712.99373902682  1.164921E-15
6713.47808568507  1.230740E-15
6713.96243234333  1.268805E-15
6714.44677900159  1.280116E-15
6714.93112565985  1.233524E-15
6715.41547231811  1.257029E-15
6715.89981897637  1.260232E-15
6716.38416563462  1.235272E-15
6716.86851229288  1.224308E-15
6717.35285895114  1.249827E-15
6717.8372056094  1.219613E-15
6718.32155226765  1.234737E-15
6718.80589892591  1.239471E-15
6719.29024558417  1.204594E-15
6719.77459224243  1.225529E-15
6720.25893890069  1.281448E-15
6720.74328555894  1.241103E-15
6721.2276322172  1.199989E-15
6721.71197887546  1.223093E-15
6722.19632553372  1.261764E-15
6722.68067219198  1.257483E-15
6723.16501885024  1.251287E-15
6723.64936550849  1.215881E-15
6724.13371216675  1.237333E-15
6724.61805882501  1.221428E-15
6725.10240548326  1.211223E-15
6725.58675214152  1.215546E-15
6726.07109879978  1.209553E-15
6726.55544545804  1.279382E-15
6727.0397921163  1.278350E-15
6727.52413877455  1.208773E-15
6728.00848543281  1.015521E-15
6728.49283209107  1.176536E-15
6728.97717874933  1.235724E-15
6729.46152540759  1.242149E-15
6729.94587206584  1.218580E-15
6730.4302187241  1.223842E-15
6730.91456538236  1.198922E-15
6731.39891204062  1.258172E-15
6731.88325869887  1.220779E-15
6732.36760535713  1.225436E-15
6732.85195201539  1.249496E-15
6733.33629867365  1.257891E-15
6733.82064533191  1.277201E-15
6734.30499199016  1.199391E-15
6734.78933864842  1.160810E-15
6735.27368530668  1.219794E-15
6735.75803196494  1.152833E-15
6736.2423786232  1.173433E-15
6736.72672528145  1.214926E-15
6737.21107193971  1.195709E-15
6737.69541859797  1.202662E-15
6738.17976525623  1.181482E-15
6738.66411191449  1.208507E-15
6739.14845857275  1.210860E-15
6739.632805231  1.238559E-15
6740.11715188926  1.212497E-15
6740.60149854752  1.210993E-15
6741.08584520578  1.215669E-15
6741.57019186403  1.215477E-15
6742.05453852229  1.160712E-15
6742.53888518055  1.196011E-15
6743.02323183881  1.209749E-15
6743.50757849707  1.219971E-15
6743.99192515532  1.221265E-15
6744.47627181358  1.170195E-15
6744.96061847184  1.213779E-15
6745.4449651301  1.191382E-15
6745.92931178836  1.178117E-15
6746.41365844662  1.192694E-15
6746.89800510487  1.189079E-15
6747.38235176313  1.212078E-15
6747.86669842139  1.177145E-15
6748.35104507965  1.176860E-15
6748.8353917379  1.184585E-15
6749.31973839616  1.217053E-15
6749.80408505442  1.223985E-15
6750.28843171268  1.235096E-15
6750.77277837094  1.180352E-15
6751.25712502919  1.131861E-15
6751.74147168745  1.183260E-15
6752.22581834571  1.198452E-15
6752.71016500397  1.194006E-15
6753.19451166223  1.175164E-15
6753.67885832048  1.224328E-15
6754.16320497874  1.222038E-15
6754.647551637  1.238790E-15
6755.13189829526  1.203400E-15
6755.61624495352  1.203828E-15
6756.10059161177  1.189458E-15
6756.58493827003  1.185972E-15
6757.06928492829  1.194263E-15
6757.55363158655  1.165229E-15
6758.0379782448  1.200531E-15
6758.52232490306  1.200165E-15
6759.00667156132  1.195424E-15
6759.49101821958  1.195928E-15
6759.97536487784  1.217139E-15
6760.45971153609  1.226810E-15
6760.94405819435  1.202858E-15
6761.42840485261  1.183883E-15
6761.91275151087  1.203170E-15
6762.39709816913  1.202469E-15
6762.88144482738  1.205844E-15
6763.36579148564  1.227210E-15
6763.8501381439  1.196817E-15
6764.33448480216  1.184999E-15
6764.81883146041  1.186860E-15
6765.30317811867  1.168329E-15
6765.78752477693  1.150919E-15
6766.27187143519  1.145627E-15
6766.75621809345  1.207028E-15
6767.2405647517  1.237065E-15
6767.72491140996  1.207125E-15
6768.20925806822  1.174674E-15
6768.69360472648  1.166510E-15
6769.17795138474  1.183999E-15
6769.662298043  1.215534E-15
6770.14664470125  1.206534E-15
6770.63099135951  1.186800E-15
6771.11533801777  1.194297E-15
6771.59968467603  1.179956E-15
6772.08403133429  1.184839E-15
6772.56837799254  1.168138E-15
6773.0527246508  1.159847E-15
6773.53707130906  1.184509E-15
6774.02141796732  1.186388E-15
6774.50576462557  1.192330E-15
6774.99011128383  1.230810E-15
6775.47445794209  1.196185E-15
6775.95880460035  1.170910E-15
6776.44315125861  1.229999E-15
6776.92749791686  1.222403E-15
6777.41184457512  1.238921E-15
6777.89619123338  1.214416E-15
6778.38053789164  1.184194E-15
6778.8648845499  1.196798E-15
6779.34923120815  1.215418E-15
6779.83357786641  1.190709E-15
6780.31792452467  1.172336E-15
6780.80227118293  1.230069E-15
6781.28661784119  1.180158E-15
6781.77096449944  1.218085E-15
6782.2553111577  1.222210E-15
6782.73965781596  1.220429E-15
6783.22400447422  1.206344E-15
6783.70835113248  1.198628E-15
6784.19269779073  1.209022E-15
6784.67704444899  1.220274E-15
6785.16139110725  1.223879E-15
6785.64573776551  1.194300E-15
6786.13008442377  1.215773E-15
6786.61443108202  1.220084E-15
6787.09877774028  1.192065E-15
6787.58312439854  1.220887E-15
6788.0674710568  1.263332E-15
6788.55181771506  1.221396E-15
6789.03616437331  1.206839E-15
6789.52051103157  1.185787E-15
6790.00485768983  1.175296E-15
6790.48920434809  1.217445E-15
6790.97355100634  1.242285E-15
6791.4578976646  1.238766E-15
6791.94224432286  1.263865E-15
6792.42659098112  1.203357E-15
6792.91093763938  1.204710E-15
6793.39528429763  1.254401E-15
6793.87963095589  1.240170E-15
6794.36397761415  1.261702E-15
6794.84832427241  1.242631E-15
6795.33267093067  1.224557E-15
6795.81701758892  1.200184E-15
6796.30136424718  1.215358E-15
6796.78571090544  1.215800E-15
6797.2700575637  1.235070E-15
6797.75440422195  1.220703E-15
6798.23875088021  1.231912E-15
6798.72309753847  1.227458E-15
6799.20744419673  1.205775E-15
6799.69179085499  1.216917E-15
6800.17613751324  1.244278E-15
6800.6604841715  1.256610E-15
6801.14483082976  1.265590E-15
6801.62917748802  1.261544E-15
6802.11352414628  1.198522E-15
6802.59787080453  1.221565E-15
6803.08221746279  1.266435E-15
6803.56656412105  1.248884E-15
6804.05091077931  1.244902E-15
6804.53525743756  1.239377E-15
6805.01960409582  1.221533E-15
6805.50395075408  1.250316E-15
6805.98829741234  1.218438E-15
6806.4726440706  1.213737E-15
6806.95699072886  1.217675E-15
6807.44133738711  1.187850E-15
6807.92568404537  1.192434E-15
6808.41003070363  1.221156E-15
6808.89437736189  1.254727E-15
6809.37872402015  1.260662E-15
6809.8630706784  1.191105E-15
6810.34741733666  1.208155E-15
6810.83176399492  1.227658E-15
6811.31611065318  1.197977E-15
6811.80045731144  1.196410E-15
6812.28480396969  1.262797E-15
6812.76915062795  1.265162E-15
6813.25349728621  1.238894E-15
6813.73784394447  1.207846E-15
6814.22219060272  1.198303E-15
6814.70653726098  1.196534E-15
6815.19088391924  1.218753E-15
6815.6752305775  1.193046E-15
6816.15957723576  1.074791E-15
6816.64392389401  9.459016E-16
6817.12827055227  8.236354E-16
6817.61261721053  7.289878E-16
6818.09696386879  7.327465E-16
6818.58131052705  8.018540E-16
6819.0656571853  8.367163E-16
6819.55000384356  8.877648E-16
6820.03435050182  8.751074E-16
6820.51869716008  8.881255E-16
6821.00304381834  9.145538E-16
6821.48739047659  8.910392E-16
6821.97173713485  8.854124E-16
6822.45608379311  8.968297E-16
6822.94043045137  9.139388E-16
6823.42477710962  9.410759E-16
6823.90912376788  9.507627E-16
6824.39347042614  9.435963E-16
6824.8778170844  1.003127E-15
6825.36216374266  1.023671E-15
6825.84651040091  1.018017E-15
6826.33085705917  1.010585E-15
6826.81520371743  1.050167E-15
6827.29955037569  1.071555E-15
6827.78389703394  1.116439E-15
6828.26824369221  1.084996E-15
6828.75259035046  1.079551E-15
6829.23693700872  1.120703E-15
6829.72128366698  1.119548E-15
6830.20563032524  1.217102E-15
6830.68997698349  1.210922E-15
6831.17432364175  1.160757E-15
6831.65867030001  1.213296E-15
6832.14301695827  1.233761E-15
6832.62736361653  1.129070E-15
6833.11171027478  1.075989E-15
6833.59605693304  1.138892E-15
6834.0804035913  1.136320E-15
6834.56475024956  1.138732E-15
6835.04909690782  1.045191E-15
6835.53344356607  9.638199E-16
6836.01779022433  1.046410E-15
6836.50213688259  1.100910E-15
6836.98648354085  1.129450E-15
6837.47083019911  1.119687E-15
6837.95517685736  1.038001E-15
6838.43952351562  1.014322E-15
6838.92387017388  1.015406E-15
6839.40821683214  1.079488E-15
6839.89256349039  1.113607E-15
6840.37691014865  1.109892E-15
6840.86125680691  1.089944E-15
6841.34560346517  1.053237E-15
6841.82995012343  9.976916E-16
6842.31429678168  9.828246E-16
6842.79864343994  1.030695E-15
6843.2829900982  1.129995E-15
6843.76733675646  1.210595E-15
6844.25168341472  1.141293E-15
6844.73603007297  1.050961E-15
6845.22037673123  9.769780E-16
6845.70472338949  1.015722E-15
6846.18907004775  1.006390E-15
6846.67341670601  1.096965E-15
6847.15776336426  1.231554E-15
6847.64211002252  1.199319E-15
6848.12645668078  1.166614E-15
6848.61080333904  1.089873E-15
6849.0951499973  1.024819E-15
6849.57949665555  1.015588E-15
6850.06384331381  1.071801E-15
6850.54818997207  1.123036E-15
6851.03253663033  1.162885E-15
6851.51688328858  1.173749E-15
6852.00122994684  1.173534E-15
6852.4855766051  1.122392E-15
6852.96992326336  1.043481E-15
6853.45426992162  1.052690E-15
6853.93861657987  1.043496E-15
6854.42296323813  1.110913E-15
6854.90730989639  1.190261E-15
6855.39165655465  1.198665E-15
6855.87600321291  1.241167E-15
6856.36034987116  1.238377E-15
6856.84469652942  1.158253E-15
6857.32904318768  1.119585E-15
6857.81338984594  1.087823E-15
6858.2977365042  1.096739E-15
6858.78208316245  1.118488E-15
6859.26642982071  1.174438E-15
6859.75077647897  1.206343E-15
6860.23512313723  1.210233E-15
6860.71946979549  1.195221E-15
6861.20381645374  1.204196E-15
6861.688163112  1.154106E-15
6862.17250977026  1.100647E-15
6862.65685642852  1.063460E-15
6863.14120308677  1.114857E-15
6863.62554974503  1.172295E-15
6864.10989640329  1.204664E-15
6864.59424306155  1.236086E-15
6865.07858971981  1.265888E-15
6865.56293637806  1.190876E-15
6866.04728303632  1.124600E-15
6866.53162969458  1.120816E-15
6867.01597635284  1.127370E-15
6867.5003230111  1.135265E-15
6867.98466966935  1.129986E-15
6868.46901632761  1.184882E-15
6868.95336298587  1.243202E-15
6869.43770964413  1.256752E-15
6869.92205630239  1.230967E-15
6870.40640296064  1.244903E-15
6870.8907496189  1.225634E-15
6871.37509627716  1.179261E-15
6871.85944293542  1.176289E-15
6872.34378959368  1.164429E-15
6872.82813625193  1.149138E-15
6873.31248291019  1.148742E-15
6873.79682956845  1.206365E-15
6874.28117622671  1.259454E-15
6874.76552288497  1.225278E-15
6875.24986954322  1.229718E-15
6875.73421620148  1.216777E-15
6876.21856285974  1.249806E-15
6876.702909518  1.211690E-15
6877.18725617625  1.197736E-15
6877.67160283451  1.176686E-15
6878.15594949277  1.160591E-15
6878.64029615103  1.184455E-15
6879.12464280929  1.236656E-15
6879.60898946755  1.259363E-15
6880.0933361258  1.216313E-15
6880.57768278406  1.223099E-15
6881.06202944232  1.227172E-15
6881.54637610058  1.219520E-15
6882.03072275883  1.238013E-15
6882.51506941709  1.221999E-15
6882.99941607535  1.236893E-15
6883.48376273361  1.228243E-15
6883.96810939187  1.240405E-15
6884.45245605012  1.253281E-15
6884.93680270838  1.275560E-15
6885.42114936664  1.276009E-15
6885.9054960249  1.239979E-15
6886.38984268316  1.188901E-15
6886.87418934141  1.195763E-15
6887.35853599967  1.236103E-15
6887.84288265793  1.240783E-15
6888.32722931619  1.187395E-15
6888.81157597445  1.180408E-15
6889.2959226327  1.196047E-15
6889.78026929096  1.209662E-15
6890.26461594922  1.223425E-15
6890.74896260748  1.255238E-15
6891.23330926573  1.275867E-15
6891.71765592399  1.249895E-15
6892.20200258225  1.203102E-15
6892.68634924051  1.226068E-15
6893.17069589877  1.237915E-15
6893.65504255702  1.258061E-15
6894.13938921528  1.251629E-15
6894.62373587354  1.256699E-15
6895.1080825318  1.255114E-15
6895.59242919006  1.243988E-15
6896.07677584831  1.196673E-15
6896.56112250657  1.233483E-15
6897.04546916483  1.254607E-15
6897.52981582309  1.276761E-15
6898.01416248135  1.283419E-15
6898.49850913961  1.233889E-15
6898.98285579786  1.221074E-15
6899.46720245612  1.262408E-15
6899.95154911438  1.184261E-15
6900.43589577264  1.224135E-15
6900.9202424309  1.284436E-15
6901.40458908915  1.300107E-15
6901.88893574741  1.259332E-15
6902.37328240567  1.246882E-15
6902.85762906393  1.272236E-15
6903.34197572218  1.249764E-15
6903.82632238044  1.258480E-15
6904.3106690387  1.255067E-15
6904.79501569696  1.229755E-15
6905.27936235521  1.239533E-15
6905.76370901347  1.236893E-15
6906.24805567173  1.225958E-15
6906.73240232999  1.243869E-15
6907.21674898825  1.242117E-15
6907.70109564651  1.218233E-15
6908.18544230476  1.224572E-15
6908.66978896302  1.242941E-15
6909.15413562128  1.253066E-15
6909.63848227954  1.218388E-15
6910.1228289378  1.239641E-15
6910.60717559605  1.290817E-15
6911.09152225431  1.239603E-15
6911.57586891257  1.269885E-15
6912.06021557083  1.247326E-15
6912.54456222908  1.222632E-15
6913.02890888734  1.238483E-15
6913.5132555456  1.242497E-15
6913.99760220386  1.237525E-15
6914.48194886212  1.266046E-15
6914.96629552037  1.266288E-15
6915.45064217863  1.271381E-15
6915.93498883689  1.311271E-15
6916.41933549515  1.300471E-15
6916.9036821534  1.328981E-15
6917.38802881166  1.273142E-15
6917.87237546992  1.289339E-15
6918.35672212818  1.323192E-15
6918.84106878644  1.252586E-15
6919.3254154447  1.263432E-15
6919.80976210295  1.243026E-15
6920.29410876121  1.281627E-15
6920.77845541947  1.287916E-15
6921.26280207773  1.176707E-15
6921.74714873598  1.180156E-15
6922.23149539424  1.272898E-15
6922.7158420525  1.237364E-15
6923.20018871076  1.265603E-15
6923.68453536902  1.294975E-15
6924.16888202727  1.255700E-15
6924.65322868553  1.247258E-15
6925.13757534379  1.282295E-15
6925.62192200205  1.243343E-15
6926.10626866031  1.287662E-15
6926.59061531856  1.306748E-15
6927.07496197682  1.266718E-15
6927.55930863508  1.291086E-15
6928.04365529334  1.340098E-15
6928.5280019516  1.265424E-15
6929.01234860985  1.327423E-15
6929.49669526811  1.296422E-15
6929.98104192637  1.309743E-15
6930.46538858463  1.247725E-15
6930.94973524289  1.255974E-15
6931.43408190114  1.273990E-15
6931.9184285594  1.321779E-15
6932.40277521766  1.291029E-15
6932.88712187592  1.308661E-15
6933.37146853417  1.305780E-15
6933.85581519243  1.312217E-15
6934.34016185069  1.329777E-15
6934.82450850895  1.278730E-15
6935.30885516721  1.285671E-15
6935.79320182546  1.265167E-15
6936.27754848372  1.300290E-15
6936.76189514198  1.274316E-15
6937.24624180024  1.279949E-15
6937.7305884585  1.338795E-15
6938.21493511675  1.334455E-15
6938.69928177501  1.345606E-15
6939.18362843327  1.354530E-15
6939.66797509153  1.336200E-15
6940.15232174979  1.327611E-15
6940.63666840805  1.284403E-15
6941.1210150663  1.292239E-15
6941.60536172456  1.344262E-15
6942.08970838282  1.326377E-15
6942.57405504108  1.351510E-15
6943.05840169933  1.372835E-15
6943.54274835759  1.367131E-15
6944.02709501585  1.331311E-15
6944.51144167411  1.313838E-15
6944.99578833237  1.372837E-15
6945.48013499062  1.343788E-15
6945.96448164888  1.327807E-15
6946.44882830714  1.334636E-15
6946.9331749654  1.316151E-15
6947.41752162365  1.375598E-15
6947.90186828191  1.384254E-15
6948.38621494017  1.394964E-15
6948.87056159843  1.399941E-15
6949.35490825669  1.356759E-15
6949.83925491494  1.371181E-15
6950.3236015732  1.373336E-15
6950.80794823146  1.385446E-15
6951.29229488972  1.392612E-15
