3917.35757214002  5.019261E-17
3920.97565304953  3.812176E-17
3924.59373395904  4.594427E-17
3928.21181486855  5.094492E-17
3931.82989577806  6.268729E-17
3935.44797668756  5.583141E-17
3939.06605759707  4.085423E-17
3942.68413850658  4.689165E-17
3946.30221941609  5.591954E-17
3949.92030032559  4.797496E-17
3953.5383812351  6.768751E-17
3957.15646214461  2.437662E-17
3960.77454305412  2.238018E-17
3964.39262396362  2.946209E-17
3968.01070487313  4.958349E-17
3971.62878578264  3.364759E-17
3975.24686669215  1.940337E-17
3978.86494760165  3.150763E-17
3982.48302851116  3.542859E-17
3986.10110942067  6.130855E-17
3989.71919033018  5.359118E-17
3993.33727123969  2.724188E-17
3996.95535214919  4.974740E-17
4000.5734330587  5.667922E-17
4004.19151396821  5.006393E-17
4007.80959487772  5.014575E-17
4011.42767578723  4.574800E-17
4015.04575669673  4.937327E-17
4018.66383760624  6.583057E-17
4022.28191851575  8.287272E-17
4025.89999942526  7.029510E-17
4029.51808033476  4.833048E-17
4033.13616124427  4.789414E-17
4036.75424215378  5.880710E-17
4040.37232306329  6.337415E-17
4043.99040397279  7.813776E-17
4047.6084848823  7.034154E-17
4051.22656579181  5.702756E-17
4054.84464670132  7.036491E-17
4058.46272761082  6.928448E-17
4062.08080852033  4.253096E-17
4065.69888942984  3.496507E-17
4069.31697033935  4.375548E-17
4072.93505124885  7.571647E-17
4076.55313215836  6.533644E-17
4080.17121306787  4.489156E-17
4083.78929397738  4.300478E-17
4087.40737488689  4.144476E-17
4091.02545579639  6.401456E-17
4094.6435367059  6.393884E-17
4098.26161761541  5.679834E-17
4101.87969852492  5.789817E-17
4105.49777943442  5.607548E-17
4109.11586034393  6.945577E-17
4112.73394125344  7.674992E-17
4116.35202216295  6.163388E-17
4119.97010307246  5.554708E-17
4123.58818398196  6.054441E-17
4127.20626489147  7.274778E-17
4130.82434580098  4.550060E-17
4134.44242671049  6.815250E-17
4138.06050761999  6.744007E-17
4141.6785885295  6.252692E-17
4145.29666943901  7.794272E-17
4148.91475034852  6.407388E-17
4152.53283125803  8.291695E-17
4156.15091216753  5.905558E-17
4159.76899307704  6.914859E-17
4163.38707398655  6.145074E-17
4167.00515489606  7.791881E-17
4170.62323580556  6.486258E-17
4174.24131671507  8.332575E-17
4177.85939762458  8.440669E-17
4181.47747853409  7.081864E-17
4185.09555944359  7.344100E-17
4188.7136403531  5.326269E-17
4192.33172126261  5.530928E-17
4195.94980217212  7.701449E-17
4199.56788308163  6.749970E-17
4203.18596399113  6.572301E-17
4206.80404490064  6.660962E-17
4210.42212581015  8.794560E-17
4214.04020671966  8.388290E-17
4217.65828762916  8.091487E-17
4221.27636853867  8.192866E-17
4224.89444944818  5.983737E-17
4228.51253035769  7.082105E-17
4232.13061126719  9.416955E-17
4235.7486921767  1.001586E-16
4239.36677308621  7.277021E-17
4242.98485399572  6.676498E-17
4246.60293490522  8.869244E-17
4250.22101581473  1.003749E-16
4253.83909672424  7.304493E-17
4257.45717763375  8.115793E-17
4261.07525854326  7.747803E-17
4264.69333945276  7.900595E-17
4268.31142036227  9.462638E-17
4271.92950127178  7.601327E-17
4275.54758218129  7.020124E-17
4279.16566309079  9.183055E-17
4282.7837440003  7.915128E-17
4286.40182490981  6.980434E-17
4290.01990581932  7.246776E-17
4293.63798672883  5.770754E-17
4297.25606763833  6.816660E-17
4300.87414854784  7.539915E-17
4304.49222945735  5.537591E-17
4308.11031036686  3.634529E-17
4311.72839127636  4.280920E-17
4315.34647218587  6.461677E-17
4318.96455309538  7.251372E-17
4322.58263400489  6.910727E-17
4326.20071491439  7.020341E-17
4329.8187958239  6.488816E-17
4333.43687673341  6.508526E-17
4337.05495764292  7.236531E-17
4340.67303855243  6.376333E-17
4344.29111946193  7.313570E-17
4347.90920037144  7.997081E-17
4351.52728128095  8.484234E-17
4355.14536219046  8.230733E-17
4358.76344309996  8.515087E-17
4362.38152400947  6.572600E-17
4365.99960491898  6.989223E-17
4369.61768582848  7.686817E-17
4373.23576673799  7.593763E-17
4376.8538476475  6.227741E-17
4380.47192855701  5.827172E-17
4384.09000946652  6.466257E-17
4387.70809037602  8.830895E-17
4391.32617128553  8.459487E-17
4394.94425219504  7.868523E-17
4398.56233310455  6.069606E-17
4402.18041401406  7.118924E-17
4405.79849492356  5.517140E-17
4409.41657583307  9.141248E-17
4413.03465674258  1.010368E-16
4416.65273765209  7.748732E-17
4420.27081856159  8.754205E-17
4423.8888994711  7.313354E-17
4427.50698038061  7.090838E-17
4431.12506129012  8.148606E-17
4434.74314219962  8.862614E-17
4438.36122310913  8.246115E-17
4441.97930401864  8.503750E-17
4445.59738492815  7.553093E-17
4449.21546583766  7.863496E-17
4452.83354674716  9.268265E-17
4456.45162765667  9.238738E-17
4460.06970856618  7.780023E-17
4463.68778947569  8.801840E-17
4467.30587038519  8.358700E-17
4470.9239512947  7.593248E-17
4474.54203220421  8.087803E-17
4478.16011311372  9.521659E-17
4481.77819402323  7.996698E-17
4485.39627493273  7.031701E-17
4489.01435584224  7.436391E-17
4492.63243675175  8.307276E-17
4496.25051766126  9.319478E-17
4499.86859857076  7.584972E-17
4503.48667948027  8.578654E-17
4507.10476038978  7.308852E-17
4510.72284129929  8.932710E-17
4514.34092220879  9.437546E-17
4517.9590031183  9.018660E-17
4521.57708402781  1.010040E-16
4525.19516493732  7.788013E-17
4528.81324584682  7.095365E-17
4532.43132675633  7.783981E-17
4536.04940766584  7.735544E-17
4539.66748857535  8.184437E-17
4543.28556948486  8.542037E-17
4546.90365039436  9.006677E-17
4550.52173130387  8.898044E-17
4554.13981221338  6.345443E-17
4557.75789312289  7.422753E-17
4561.37597403239  8.485221E-17
4564.9940549419  8.944845E-17
4568.61213585141  8.395645E-17
4572.23021676092  7.966240E-17
4575.84829767043  9.327927E-17
4579.46637857993  1.009331E-16
4583.08445948944  1.017333E-16
4586.70254039895  1.063763E-16
4590.32062130846  1.010821E-16
4593.93870221796  9.241631E-17
4597.55678312747  9.425724E-17
4601.17486403698  9.147436E-17
4604.79294494649  7.974850E-17
4608.41102585599  9.374783E-17
4612.0291067655  1.025738E-16
4615.64718767501  9.806465E-17
4619.26526858452  1.005553E-16
4622.88334949403  9.547894E-17
4626.50143040353  1.024489E-16
4630.11951131304  1.147202E-16
4633.73759222255  9.922652E-17
4637.35567313206  9.253266E-17
4640.97375404156  8.792765E-17
4644.59183495107  7.389711E-17
4648.20991586058  8.645403E-17
4651.82799677009  1.001157E-16
4655.44607767959  9.070573E-17
4659.0641585891  8.851294E-17
4662.68223949861  9.366150E-17
4666.30032040812  8.491687E-17
4669.91840131763  7.505163E-17
4673.53648222713  9.702543E-17
4677.15456313664  1.015028E-16
4680.77264404615  9.083737E-17
4684.39072495566  9.276332E-17
4688.00880586516  9.588379E-17
4691.62688677467  6.568178E-17
4695.24496768418  6.932474E-17
4698.86304859369  9.161535E-17
4702.48112950319  6.570392E-17
4706.0992104127  9.419657E-17
4709.71729132221  8.789850E-17
4713.33537223172  8.480590E-17
4716.95345314122  8.730648E-17
4720.57153405073  7.569219E-17
4724.18961496024  9.276718E-17
4727.80769586975  8.537074E-17
4731.42577677926  8.194701E-17
4735.04385768876  1.022586E-16
4738.66193859827  8.817943E-17
4742.28001950778  8.596354E-17
4745.89810041729  8.440194E-17
4749.51618132679  8.055870E-17
4753.1342622363  9.488163E-17
4756.75234314581  9.695749E-17
4760.37042405532  9.207285E-17
4763.98850496483  1.016611E-16
4767.60658587433  8.089036E-17
4771.22466678384  8.054064E-17
4774.84274769335  8.967049E-17
4778.46082860286  1.013547E-16
4782.07890951236  9.101145E-17
4785.69699042187  9.311368E-17
4789.31507133138  8.828266E-17
4792.93315224089  8.768599E-17
4796.55123315039  7.973356E-17
4800.1693140599  8.082523E-17
4803.78739496941  7.966655E-17
4807.40547587892  1.109037E-16
4811.02355678842  1.100797E-16
4814.64163769793  1.058728E-16
4818.25971860744  1.092412E-16
4821.87779951695  1.050326E-16
4825.49588042646  9.505004E-17
4829.11396133596  9.455636E-17
4832.73204224547  1.032506E-16
4836.35012315498  1.231137E-16
4839.96820406449  1.394122E-16
4843.58628497399  1.119778E-16
4847.2043658835  1.277441E-16
4850.82244679301  1.544703E-16
4854.44052770252  1.553973E-16
4858.05860861202  1.315038E-16
4861.67668952153  1.515249E-16
4865.29477043104  1.464057E-16
4868.91285134055  1.241185E-16
4872.53093225006  1.093731E-16
4876.14901315956  1.183589E-16
4879.76709406907  1.179122E-16
4883.38517497858  9.647965E-17
4887.00325588809  1.068973E-16
4890.62133679759  9.444345E-17
4894.2394177071  8.806201E-17
4897.85749861661  8.835620E-17
4901.47557952612  1.205751E-16
4905.09366043562  1.088682E-16
4908.71174134513  8.527883E-17
4912.32982225464  1.046184E-16
4915.94790316415  1.066177E-16
4919.56598407366  9.854294E-17
4923.18406498316  1.039109E-16
4926.80214589267  1.059273E-16
4930.42022680218  1.180348E-16
4934.03830771169  1.033749E-16
4937.65638862119  8.763521E-17
4941.2744695307  9.098109E-17
4944.89255044021  8.831579E-17
4948.51063134972  8.891244E-17
4952.12871225923  8.262589E-17
4955.74679316873  8.887359E-17
4959.36487407824  9.499903E-17
4962.98295498775  8.827690E-17
4966.60103589726  9.631583E-17
4970.21911680676  9.224438E-17
4973.83719771627  8.945635E-17
4977.45527862578  9.214663E-17
4981.07335953529  9.097046E-17
4984.69144044479  8.584815E-17
4988.3095213543  8.443471E-17
4991.92760226381  9.483094E-17
4995.54568317332  9.733387E-17
4999.16376408282  9.557674E-17
5002.78184499233  1.063149E-16
5006.39992590184  1.082901E-16
5010.01800681135  1.117541E-16
5013.63608772086  1.079859E-16
5017.25416863036  1.066491E-16
5020.87224953987  1.158725E-16
5024.49033044938  1.140311E-16
5028.10841135889  9.681032E-17
5031.7264922684  9.476147E-17
5035.3445731779  9.703774E-17
5038.96265408741  1.126843E-16
5042.58073499692  9.784419E-17
5046.19881590643  8.699113E-17
5049.81689681593  9.221221E-17
5053.43497772544  9.295342E-17
5057.05305863495  8.799688E-17
5060.67113954446  8.975091E-17
5064.28922045396  1.033896E-16
5067.90730136347  9.272940E-17
5071.52538227298  9.478264E-17
5075.14346318249  7.708350E-17
5078.76154409199  8.103380E-17
5082.3796250015  9.965038E-17
5085.99770591101  1.005887E-16
5089.61578682052  8.812927E-17
5093.23386773003  8.876151E-17
5096.85194863953  8.719849E-17
5100.47002954904  9.266561E-17
5104.08811045855  9.565903E-17
5107.70619136806  1.037333E-16
5111.32427227757  8.776738E-17
5114.94235318707  9.169883E-17
5118.56043409658  1.127977E-16
5122.17851500609  1.132557E-16
5125.7965959156  1.023945E-16
5129.4146768251  9.363557E-17
5133.03275773461  9.423656E-17
5136.65083864412  9.320492E-17
5140.26891955363  9.235773E-17
5143.88700046314  9.542586E-17
5147.50508137264  1.022102E-16
5151.12316228215  1.053970E-16
5154.74124319166  9.959165E-17
5158.35932410116  1.022943E-16
5161.97740501067  9.736771E-17
5165.59548592018  1.015454E-16
5169.21356682969  1.145455E-16
5172.83164773919  9.939531E-17
5176.4497286487  1.028454E-16
5180.06780955821  1.052714E-16
5183.68589046772  1.009373E-16
5187.30397137723  1.171832E-16
5190.92205228673  1.162117E-16
5194.54013319624  1.127516E-16
5198.15821410575  1.100816E-16
5201.77629501526  1.229401E-16
5205.39437592476  1.135404E-16
5209.01245683427  9.967734E-17
5212.63053774378  1.108700E-16
5216.24861865329  1.085360E-16
5219.8666995628  1.202664E-16
5223.4847804723  1.156554E-16
5227.10286138181  9.971998E-17
5230.72094229132  1.026762E-16
5234.33902320083  1.151257E-16
5237.95710411033  1.134262E-16
5241.57518501984  1.100273E-16
5245.19326592935  1.298883E-16
5248.81134683886  1.253597E-16
5252.42942774836  1.037724E-16
5256.04750865787  9.611309E-17
5259.66558956738  1.225619E-16
5263.28367047689  1.187328E-16
5266.9017513864  1.151854E-16
5270.5198322959  1.046441E-16
5274.13791320541  1.133683E-16
5277.75599411492  1.118554E-16
5281.37407502443  1.210560E-16
5284.99215593393  1.197882E-16
5288.61023684344  1.183777E-16
5292.22831775295  1.193411E-16
5295.84639866246  1.155806E-16
5299.46447957196  1.064914E-16
5303.08256048147  1.083691E-16
5306.70064139098  1.179909E-16
5310.31872230049  1.164521E-16
5313.93680320999  1.186193E-16
5317.5548841195  1.210163E-16
5321.17296502901  1.180449E-16
5324.79104593852  1.075208E-16
5328.40912684803  1.052865E-16
5332.02720775753  1.093041E-16
5335.64528866704  1.161771E-16
5339.26336957655  1.047881E-16
5342.88145048606  1.079970E-16
5346.49953139556  1.127829E-16
5350.11761230507  8.768146E-17
5353.73569321458  9.947755E-17
5357.35377412409  1.108072E-16
5360.9718550336  1.219883E-16
5364.5899359431  1.315396E-16
5368.20801685261  9.722114E-17
5371.82609776212  1.073137E-16
5375.44417867163  1.075131E-16
5379.06225958113  1.080797E-16
5382.68034049064  1.059759E-16
5386.29842140015  9.120942E-17
5389.91650230966  1.061750E-16
5393.53458321916  1.063390E-16
5397.15266412867  1.113043E-16
5400.77074503818  1.036934E-16
5404.38882594769  8.892122E-17
5408.0069068572  8.245164E-17
5411.6249877667  9.741036E-17
5415.24306867621  1.006884E-16
5418.86114958572  9.208563E-17
5422.47923049523  1.015823E-16
5426.09731140473  1.055916E-16
5429.71539231424  9.591159E-17
5433.33347322375  9.272820E-17
5436.95155413326  1.056952E-16
5440.56963504277  9.665494E-17
5444.18771595227  9.944144E-17
5447.80579686178  9.577357E-17
5451.42387777129  9.255894E-17
5455.0419586808  9.996049E-17
5458.6600395903  9.644729E-17
5462.27812049981  9.303328E-17
5465.89620140932  9.401120E-17
5469.51428231883  8.548711E-17
5473.13236322833  9.779264E-17
5476.75044413784  9.339651E-17
5480.36852504735  8.083560E-17
5483.98660595686  8.396029E-17
5487.60468686636  9.579391E-17
5491.22276777587  9.672263E-17
5494.84084868538  1.001367E-16
5498.45892959489  9.987117E-17
5502.0770105044  9.197601E-17
5505.6950914139  9.100120E-17
5509.31317232341  9.953397E-17
5512.93125323292  1.017844E-16
5516.54933414243  9.087794E-17
5520.16741505194  9.564856E-17
5523.78549596144  1.006288E-16
5527.40357687095  1.046569E-16
5531.02165778046  1.113857E-16
5534.63973868996  4.779060E-17
5538.25781959947  7.485137E-17
5541.87590050898  1.588269E-16
5545.49398141849  1.145077E-16
5549.11206232799  8.171191E-17
5552.7301432375  8.791960E-17
5556.34822414701  9.491264E-17
5559.96630505652  8.746065E-17
5563.58438596603  7.787966E-17
5567.20246687553  8.104694E-17
5570.82054778504  8.032169E-17
5574.43862869455  8.066966E-17
5578.05670960406  8.027034E-17
5581.67479051356  7.987423E-17
5585.29287142307  7.656008E-17
5588.91095233258  7.021385E-17
5592.52903324209  8.533128E-17
5596.1471141516  8.200005E-17
5599.7651950611  7.603616E-17
5603.38327597061  7.522198E-17
5607.00135688012  8.457008E-17
5610.61943778963  9.424073E-17
5614.23751869913  8.284584E-17
5617.85559960864  8.143245E-17
5621.47368051815  8.180775E-17
5625.09176142766  8.064195E-17
5628.70984233716  7.632935E-17
5632.32792324667  8.293552E-17
5635.94600415618  8.492841E-17
5639.56408506569  7.687323E-17
5643.1821659752  9.410437E-17
5646.8002468847  9.763586E-17
5650.41832779421  9.287162E-17
5654.03640870372  8.798646E-17
5657.65448961323  9.144078E-17
5661.27257052273  8.708812E-17
5664.89065143224  8.438307E-17
5668.50873234175  8.509157E-17
5672.12681325126  1.009610E-16
5675.74489416076  9.412387E-17
5679.36297507027  7.988646E-17
5682.98105597978  8.010753E-17
5686.59913688929  8.642496E-17
5690.21721779879  8.745601E-17
5693.8352987083  9.059087E-17
5697.45337961781  9.421598E-17
5701.07146052732  7.828597E-17
5704.68954143683  7.332294E-17
5708.30762234633  7.159048E-17
5711.92570325584  7.690477E-17
5715.54378416535  7.796492E-17
5719.16186507486  9.205423E-17
5722.77994598437  9.395031E-17
5726.39802689387  6.932761E-17
5730.01610780338  7.594475E-17
5733.63418871289  9.367032E-17
5737.2522696224  8.508620E-17
5740.8703505319  7.417017E-17
5744.48843144141  8.817277E-17
5748.10651235092  9.621881E-17
5751.72459326043  9.966033E-17
5755.34267416993  9.061930E-17
5758.96075507944  7.921442E-17
5762.57883598895  7.909170E-17
5766.19691689846  9.662501E-17
5769.81499780797  8.574452E-17
5773.43307871747  7.278841E-17
5777.05115962698  9.461649E-17
5780.66924053649  8.961373E-17
5784.287321446  7.947792E-17
5787.9054023555  8.454583E-17
5791.52348326501  8.943730E-17
5795.14156417452  8.910562E-17
5798.75964508403  8.670885E-17
5802.37772599354  8.498056E-17
5805.99580690304  8.708618E-17
5809.61388781255  7.917580E-17
5813.23196872206  8.229288E-17
5816.85004963157  9.451492E-17
5820.46813054107  9.104565E-17
5824.08621145058  7.578377E-17
5827.70429236009  8.445217E-17
5831.3223732696  8.525418E-17
5834.9404541791  8.522626E-17
5838.55853508861  8.681977E-17
5842.17661599812  9.478690E-17
5845.79469690763  5.830897E-17
5849.41277781713  7.713106E-17
5853.03085872664  1.208920E-16
5856.64893963615  1.128133E-16
5860.26702054566  9.451276E-17
5863.88510145516  1.013292E-16
5867.50318236467  1.192744E-16
5871.12126327418  1.096562E-16
5874.73934418369  9.956573E-17
5878.3574250932  1.195073E-16
5881.9755060027  1.069869E-16
5885.59358691221  1.033200E-16
5889.21166782172  9.021397E-17
5892.82974873123  9.891411E-17
5896.44782964073  9.441639E-17
5900.06591055024  1.170284E-16
5903.68399145975  1.125148E-16
5907.30207236926  1.103793E-16
5910.92015327877  1.042698E-16
5914.53823418827  1.008385E-16
5918.15631509778  9.305868E-17
5921.77439600729  9.035287E-17
5925.3924769168  8.955115E-17
5929.0105578263  9.392928E-17
5932.62863873581  8.210875E-17
5936.24671964532  7.863831E-17
5939.86480055483  7.344361E-17
5943.48288146433  8.779620E-17
5947.10096237384  8.820811E-17
5950.71904328335  9.740455E-17
5954.33712419286  8.647584E-17
5957.95520510236  8.768060E-17
5961.57328601187  7.993858E-17
5965.19136692138  8.920244E-17
5968.80944783089  7.765550E-17
5972.4275287404  7.628426E-17
5976.0456096499  8.298104E-17
5979.66369055941  9.680320E-17
5983.28177146892  9.956404E-17
5986.89985237843  9.159780E-17
5990.51793328793  8.188704E-17
5994.13601419744  8.316086E-17
5997.75409510695  7.521964E-17
6001.37217601646  8.113541E-17
6004.99025692596  8.912147E-17
6008.60833783547  8.102452E-17
6012.22641874498  8.214944E-17
6015.84449965449  8.652008E-17
6019.462580564  8.189512E-17
6023.0806614735  8.276262E-17
6026.69874238301  7.765854E-17
6030.31682329252  8.475463E-17
6033.93490420203  8.436473E-17
6037.55298511153  9.278998E-17
6041.17106602104  7.755283E-17
6044.78914693055  7.824928E-17
6048.40722784006  8.072532E-17
6052.02530874957  8.980249E-17
6055.64338965907  9.489142E-17
6059.26147056858  8.745462E-17
6062.87955147809  8.140050E-17
6066.4976323876  7.452265E-17
6070.1157132971  7.625627E-17
6073.73379420661  8.446759E-17
6077.35187511612  7.937454E-17
6080.96995602563  8.834202E-17
6084.58803693514  9.528775E-17
6088.20611784464  8.158630E-17
6091.82419875415  8.385896E-17
6095.44227966366  8.479951E-17
6099.06036057316  8.247474E-17
6102.67844148267  8.724455E-17
6106.29652239218  8.797066E-17
6109.91460330169  8.654337E-17
6113.5326842112  9.491312E-17
6117.1507651207  9.522336E-17
6120.76884603021  8.902015E-17
6124.38692693972  8.370421E-17
6128.00500784923  9.038016E-17
6131.62308875874  9.385738E-17
6135.24116966824  9.097046E-17
6138.85925057775  9.113431E-17
6142.47733148726  9.159910E-17
6146.09541239676  9.020794E-17
6149.71349330627  9.757294E-17
6153.33157421578  9.657238E-17
6156.94965512529  8.787193E-17
6160.5677360348  8.766760E-17
6164.1858169443  9.236357E-17
6167.80389785381  8.200018E-17
6171.42197876332  8.218477E-17
6175.04005967283  7.306220E-17
6178.65814058234  7.816105E-17
6182.27622149184  7.719413E-17
6185.89430240135  8.252099E-17
6189.51238331086  8.135845E-17
6193.13046422036  7.290207E-17
6196.74854512987  8.573650E-17
6200.36662603938  8.867405E-17
6203.98470694889  8.195767E-17
6207.6027878584  8.544336E-17
6211.2208687679  9.141955E-17
6214.83894967741  9.213942E-17
6218.45703058692  9.171680E-17
6222.07511149643  8.412861E-17
6225.69319240593  8.976550E-17
6229.31127331544  8.799250E-17
6232.92935422495  8.362644E-17
6236.54743513446  8.677081E-17
6240.16551604396  8.743525E-17
6243.78359695347  9.609202E-17
6247.40167786298  9.463323E-17
6251.01975877249  8.002824E-17
6254.637839682  7.289585E-17
6258.2559205915  1.273605E-16
6261.87400150101  1.145025E-16
6265.49208241052  9.768975E-17
6269.11016332003  8.740884E-17
6272.72824422954  8.617374E-17
6276.34632513904  8.479628E-17
6279.96440604855  7.326051E-17
6283.58248695806  6.447985E-17
6287.20056786757  7.869940E-17
6290.81864877707  8.903453E-17
6294.43672968658  7.778775E-17
6298.05481059609  8.628101E-17
6301.6728915056  8.121597E-17
6305.2909724151  7.736779E-17
6308.90905332461  8.166092E-17
6312.52713423412  9.197853E-17
6316.14521514363  7.852207E-17
6319.76329605313  8.660139E-17
6323.38137696264  9.636521E-17
6326.99945787215  8.492906E-17
6330.61753878166  8.164322E-17
6334.23561969116  7.238670E-17
6337.85370060067  8.338260E-17
6341.47178151018  9.058002E-17
6345.08986241969  8.140605E-17
6348.7079433292  8.256602E-17
6352.3260242387  9.058029E-17
6355.94410514821  8.086711E-17
6359.56218605772  8.531748E-17
6363.18026696723  7.693169E-17
6366.79834787674  8.465168E-17
6370.41642878624  8.318476E-17
6374.03450969575  8.335654E-17
6377.65259060526  8.313249E-17
6381.27067151477  9.811023E-17
6384.88875242427  9.306290E-17
6388.50683333378  8.176171E-17
6392.12491424329  8.095303E-17
6395.7429951528  8.089455E-17
6399.3610760623  8.675196E-17
6402.97915697181  9.211648E-17
6406.59723788132  8.729779E-17
6410.21531879083  9.639502E-17
6413.83339970034  9.119056E-17
6417.45148060984  9.856324E-17
6421.06956151935  9.813439E-17
6424.68764242886  9.400267E-17
6428.30572333837  1.101926E-16
6431.92380424787  1.121285E-16
6435.54188515738  1.075648E-16
6439.15996606689  1.074207E-16
6442.7780469764  1.000134E-16
6446.3961278859  1.002399E-16
6450.01420879541  1.025871E-16
6453.63228970492  1.027536E-16
6457.25037061443  1.240827E-16
6460.86845152393  1.162710E-16
6464.48653243344  1.054568E-16
6468.10461334295  1.059961E-16
6471.72269425246  9.271357E-17
6475.34077516197  9.905646E-17
6478.95885607147  1.065410E-16
6482.57693698098  1.044090E-16
6486.19501789049  1.249800E-16
6489.8130988  1.308500E-16
6493.4311797095  1.203616E-16
6497.04926061901  1.305387E-16
6500.66734152852  1.497051E-16
6504.28542243803  1.569825E-16
6507.90350334753  2.087419E-16
6511.52158425704  2.539322E-16
6515.13966516655  2.890653E-16
6518.75774607606  3.560973E-16
6522.37582698557  4.082465E-16
6525.99390789507  4.938415E-16
6529.61198880458  5.688054E-16
6533.23006971409  6.429614E-16
6536.8481506236  7.238850E-16
6540.4662315331  7.722972E-16
6544.08431244261  8.327315E-16
6547.70239335212  9.023132E-16
6551.32047426163  9.149404E-16
6554.93855517114  8.770271E-16
6558.55663608064  8.207347E-16
6562.17471699015  8.560319E-16
6565.79279789966  1.039756E-15
6569.41087880917  1.124127E-15
6573.02895971867  1.028250E-15
6576.64704062818  8.823756E-16
6580.26512153769  7.653963E-16
6583.8832024472  6.655868E-16
6587.5012833567  5.643307E-16
6591.11936426621  4.871969E-16
6594.73744517572  4.268870E-16
6598.35552608523  3.730420E-16
6601.97360699473  3.178942E-16
6605.59168790424  2.764391E-16
6609.20976881375  2.490291E-16
6612.82784972326  2.289045E-16
6616.44593063276  2.135262E-16
6620.06401154227  1.898261E-16
6623.68209245178  1.685705E-16
6627.30017336129  1.402631E-16
6630.9182542708  1.339063E-16
6634.5363351803  1.253038E-16
6638.15441608981  1.223568E-16
6641.77249699932  1.163360E-16
6645.39057790883  1.117060E-16
6649.00865881833  1.058289E-16
6652.62673972784  1.055706E-16
6656.24482063735  1.079356E-16
6659.86290154686  1.012988E-16
6663.48098245637  1.001537E-16
6667.09906336587  9.791250E-17
6670.71714427538  9.669202E-17
6674.33522518489  8.986507E-17
6677.9533060944  9.135864E-17
6681.5713870039  1.043146E-16
6685.18946791341  8.753720E-17
6688.80754882292  7.345881E-17
6692.42562973243  7.354004E-17
6696.04371064193  8.088585E-17
6699.66179155144  8.402252E-17
6703.27987246095  7.958504E-17
6706.89795337046  8.100444E-17
6710.51603427997  8.343526E-17
6714.13411518947  8.510243E-17
6717.75219609898  8.051460E-17
6721.37027700849  7.087368E-17
6724.988357918  7.157083E-17
6728.6064388275  7.623338E-17
6732.22451973701  7.926658E-17
6735.84260064652  7.422473E-17
6739.46068155603  7.062422E-17
6743.07876246554  7.056632E-17
6746.69684337504  6.583212E-17
6750.31492428455  6.554586E-17
6753.93300519406  6.604733E-17
6757.55108610357  6.557504E-17
6761.16916701308  7.316818E-17
6764.78724792258  7.582226E-17
6768.40532883209  7.109382E-17
6772.0234097416  7.234276E-17
6775.6414906511  6.555727E-17
6779.25957156061  6.517402E-17
6782.87765247012  7.191373E-17
6786.49573337963  6.783894E-17
6790.11381428913  6.801882E-17
6793.73189519864  7.083876E-17
6797.34997610815  7.020763E-17
6800.96805701766  7.223429E-17
6804.58613792717  7.237460E-17
6808.20421883667  6.886190E-17
6811.82229974618  6.369025E-17
6815.44038065569  6.377791E-17
6819.0584615652  6.898005E-17
6822.6765424747  6.126828E-17
6826.29462338421  5.497790E-17
6829.91270429372  5.731370E-17
6833.53078520323  6.291083E-17
6837.14886611274  6.467605E-17
6840.76694702224  5.758906E-17
6844.38502793175  6.269120E-17
6848.00310884126  6.842682E-17
6851.62118975076  6.248058E-17
6855.23927066027  5.888411E-17
6858.85735156978  5.637459E-17
6862.47543247929  6.420951E-17
6866.0935133888  6.537443E-17
6869.7115942983  4.855110E-17
6873.32967520781  5.738284E-17
6876.94775611732  6.269643E-17
6880.56583702683  6.529062E-17
6884.18391793634  6.592949E-17
6887.80199884584  6.080689E-17
6891.42007975535  6.154954E-17
6895.03816066486  5.802764E-17
6898.65624157437  5.252471E-17
6902.27432248387  6.035142E-17
6905.89240339338  7.025883E-17
6909.51048430289  7.235283E-17
6913.1285652124  6.464011E-17
6916.7466461219  6.387577E-17
6920.36472703141  6.238495E-17
6923.98280794092  5.670968E-17
6927.60088885043  6.179897E-17
6931.21896975994  6.556247E-17
6934.83705066944  6.543809E-17
6938.45513157895  5.935481E-17
6942.07321248846  5.628430E-17
6945.69129339797  6.617676E-17
6949.30937430747  7.101414E-17
6952.92745521698  6.401093E-17
6956.54553612649  6.132395E-17
6960.163617036  6.345206E-17
6963.7816979455  6.230945E-17
6967.39977885501  6.808177E-17
6971.01785976452  7.277927E-17
6974.63594067403  7.101421E-17
6978.25402158354  6.798461E-17
6981.87210249304  6.931656E-17
6985.49018340255  6.522939E-17
6989.10826431206  5.696268E-17
6992.72634522157  6.528862E-17
6996.34442613107  6.584491E-17
6999.96250704058  6.863569E-17
7003.58058795009  7.513065E-17
7007.1986688596  7.158492E-17
7010.8167497691  6.236673E-17
7014.43483067861  6.158563E-17
7018.05291158812  6.263332E-17
7021.67099249763  6.300404E-17
7025.28907340714  6.587203E-17
7028.90715431664  6.724812E-17
7032.52523522615  6.416544E-17
7036.14331613566  6.824718E-17
7039.76139704517  7.385270E-17
7043.37947795467  7.675672E-17
7046.99755886418  6.918409E-17
7050.61563977369  6.485776E-17
7054.2337206832  6.607689E-17
7057.8518015927  7.188681E-17
7061.46988250221  7.853548E-17
7065.08796341172  7.998956E-17
7068.70604432123  6.969695E-17
7072.32412523073  6.494289E-17
7075.94220614024  6.059074E-17
7079.56028704975  6.301384E-17
7083.17836795926  5.859048E-17
7086.79644886877  6.103565E-17
7090.41452977827  5.491579E-17
7094.03261068778  5.505968E-17
7097.65069159729  6.222808E-17
7101.2687725068  6.102391E-17
7104.8868534163  5.500418E-17
7108.50493432581  5.474504E-17
7112.12301523532  5.117005E-17
7115.74109614483  4.470105E-17
7119.35917705434  4.554201E-17
7122.97725796384  3.778443E-17
7126.59533887335  4.626426E-17
7130.21341978286  4.623110E-17
7133.83150069237  4.774614E-17
7137.44958160187  5.337370E-17
7141.06766251138  5.630706E-17
7144.68574342089  5.190337E-17
7148.3038243304  5.138305E-17
7151.9219052399  5.543787E-17
7155.53998614941  5.879150E-17
7159.15806705892  5.606601E-17
7162.77614796843  4.952351E-17
7166.39422887793  5.452599E-17
7170.01230978744  6.252775E-17
7173.63039069695  6.162227E-17
7177.24847160646  5.426057E-17
7180.86655251597  5.614089E-17
7184.48463342547  5.260482E-17
7188.10271433498  4.319523E-17
7191.72079524449  4.974513E-17
7195.338876154  5.399134E-17
7198.9569570635  5.739995E-17
7202.57503797301  5.695450E-17
7206.19311888252  5.262298E-17
7209.81119979203  5.345087E-17
7213.42928070154  5.801832E-17
7217.04736161104  5.794003E-17
7220.66544252055  4.955481E-17
7224.28352343006  5.289451E-17
7227.90160433957  6.077393E-17
7231.51968524907  5.800765E-17
7235.13776615858  5.940259E-17
7238.75584706809  5.874356E-17
7242.3739279776  5.202438E-17
7245.9920088871  5.459276E-17
7249.61008979661  5.767266E-17
7253.22817070612  6.276643E-17
7256.84625161563  5.999632E-17
7260.46433252513  4.681649E-17
7264.08241343464  5.505489E-17
7267.70049434415  6.281751E-17
7271.31857525366  6.475930E-17
7274.93665616317  6.587414E-17
7278.55473707267  7.450931E-17
7282.17281798218  7.308726E-17
7285.79089889169  5.797288E-17
7289.4089798012  6.923236E-17
7293.0270607107  7.909036E-17
7296.64514162021  6.489217E-17
7300.26322252972  6.339375E-17
7303.88130343923  6.612796E-17
7307.49938434874  6.658420E-17
7311.11746525824  7.427331E-17
7314.73554616775  7.262852E-17
7318.35362707726  7.197937E-17
7321.97170798677  7.119270E-17
7325.58978889627  6.387101E-17
7329.20786980578  5.490674E-17
7332.82595071529  5.439660E-17
7336.4440316248  5.773766E-17
7340.0621125343  5.439283E-17
7343.68019344381  5.583566E-17
7347.29827435332  5.956080E-17
7350.91635526283  6.903015E-17
7354.53443617234  6.727098E-17
7358.15251708184  5.786885E-17
7361.77059799135  5.687374E-17
7365.38867890086  5.119508E-17
7369.00675981037  4.927959E-17
7372.62484071988  5.128859E-17
7376.24292162938  5.388852E-17
7379.86100253889  5.560577E-17
7383.4790834484  5.052076E-17
7387.0971643579  4.818674E-17
7390.71524526741  5.567370E-17
7394.33332617692  5.814648E-17
7397.95140708643  5.427764E-17
7401.56948799594  5.264691E-17
7405.18756890544  4.821661E-17
7408.80564981495  4.669704E-17
7412.42373072446  4.697812E-17
7416.04181163397  4.635060E-17
7419.65989254348  5.228347E-17
7423.27797345298  6.138382E-17
7426.89605436249  5.654035E-17
7430.514135272  5.808149E-17
7434.1322161815  6.004713E-17
7437.75029709101  5.611831E-17
7441.36837800052  5.254355E-17
7444.98645891003  5.550772E-17
7448.60453981953  5.442119E-17
7452.22262072904  5.136391E-17
7455.84070163855  5.494265E-17
7459.45878254806  5.849101E-17
7463.07686345757  5.637442E-17
7466.69494436708  5.175764E-17
7470.31302527658  4.713634E-17
7473.93110618609  5.133231E-17
7477.5491870956  4.606228E-17
7481.1672680051  4.850924E-17
7484.78534891461  5.425939E-17
7488.40342982412  5.665275E-17
7492.02151073363  5.772442E-17
7495.63959164314  5.015911E-17
7499.25767255264  4.716394E-17
7502.87575346215  5.219207E-17
7506.49383437166  5.297547E-17
7510.11191528117  5.498208E-17
7513.72999619067  4.694110E-17
7517.34807710018  4.540205E-17
7520.96615800969  4.695218E-17
7524.5842389192  4.686962E-17
7528.2023198287  4.987821E-17
7531.82040073821  5.123940E-17
7535.43848164772  5.121483E-17
7539.05656255723  4.950688E-17
7542.67464346674  3.204247E-17
7546.29272437624  2.134520E-17
7549.91080528575  1.901257E-17
7553.52888619526  1.738651E-17
7557.14696710477  1.922111E-17
7560.76504801427  1.867389E-17
7564.38312892378  3.044221E-17
7568.00120983329  3.762526E-17
7571.6192907428  2.553185E-17
7575.2373716523  3.100799E-17
7578.85545256181  3.159455E-17
7582.47353347132  2.439963E-17
7586.09161438083  2.339054E-17
7589.70969529034  2.603226E-17
7593.32777619984  3.251778E-17
7596.94585710935  3.371162E-17
7600.56393801886  3.341957E-17
7604.18201892837  3.234206E-17
7607.80009983787  3.608477E-17
7611.41818074738  3.717574E-17
7615.03626165689  3.982007E-17
7618.6543425664  3.709108E-17
7622.27242347591  3.625654E-17
7625.89050438541  3.966651E-17
7629.50858529492  3.950825E-17
7633.12666620443  4.328813E-17
7636.74474711394  4.240160E-17
7640.36282802344  4.155362E-17
7643.98090893295  4.411387E-17
7647.59898984246  4.556140E-17
7651.21707075197  4.382982E-17
7654.83515166148  3.553970E-17
7658.45323257098  3.234254E-17
7662.07131348049  4.321665E-17
7665.68939439  4.914150E-17
7669.30747529951  4.289296E-17
7672.92555620901  4.704861E-17
7676.54363711852  4.793543E-17
7680.16171802803  4.269020E-17
7683.77979893754  4.764583E-17
7687.39787984704  5.126781E-17
7691.01596075655  4.183889E-17
7694.63404166606  3.645958E-17
7698.25212257557  4.773982E-17
7701.87020348508  4.426212E-17
7705.48828439458  4.135240E-17
7709.10636530409  4.254392E-17
7712.7244462136  3.878321E-17
7716.3425271231  4.093534E-17
7719.96060803261  4.616011E-17
7723.57868894212  4.857285E-17
7727.19676985163  4.256142E-17
7730.81485076114  3.751853E-17
7734.43293167064  3.468992E-17
7738.05101258015  2.594703E-17
7741.66909348966  3.306490E-17
7745.28717439917  2.749184E-17
7748.90525530867  2.962897E-17
7752.52333621818  3.623922E-17
7756.14141712769  4.262015E-17
7759.7594980372  3.666185E-17
7763.3775789467  3.153589E-17
7766.99565985621  3.793613E-17
7770.61374076572  5.204950E-17
7774.23182167523  3.840564E-17
7777.84990258474  3.434343E-17
7781.46798349424  2.879898E-17
7785.08606440375  2.520153E-17
7788.70414531326  3.233473E-17
7792.32222622277  3.212228E-17
7795.94030713227  3.386339E-17
7799.55838804178  4.782585E-17
7803.17646895129  4.667412E-17
7806.7945498608  3.937148E-17
7810.4126307703  3.174761E-17
7814.03071167981  2.977496E-17
7817.64879258932  2.732405E-17
7821.26687349883  2.768647E-17
7824.88495440834  3.655127E-17
7828.50303531784  3.562299E-17
7832.12111622735  2.812915E-17
7835.73919713686  3.623917E-17
7839.35727804637  3.931167E-17
7842.97535895587  3.855109E-17
7846.59343986538  3.183855E-17
7850.21152077489  3.313089E-17
7853.8296016844  2.532519E-17
7857.4476825939  2.989221E-17
7861.06576350341  3.894117E-17
7864.68384441292  4.022754E-17
7868.30192532243  4.425275E-17
7871.92000623194  3.699773E-17
7875.53808714144  3.729061E-17
7879.15616805095  4.380163E-17
7882.77424896046  3.781743E-17
7886.39232986997  3.075749E-17
7890.01041077947  3.022404E-17
7893.62849168898  3.196179E-17
7897.24657259849  3.283466E-17
7900.864653508  3.363363E-17
7904.4827344175  2.841120E-17
7908.10081532701  3.413328E-17
7911.71889623652  4.276613E-17
7915.33697714603  3.878547E-17
7918.95505805554  3.383149E-17
7922.57313896504  3.467376E-17
7926.19121987455  3.525187E-17
7929.80930078406  2.851754E-17
7933.42738169357  2.804920E-17
7937.04546260307  3.507819E-17
7940.66354351258  4.236558E-17
7944.28162442209  3.727363E-17
7947.8997053316  3.365198E-17
7951.5177862411  3.350023E-17
7955.13586715061  2.694857E-17
7958.75394806012  2.540723E-17
7962.37202896963  2.924917E-17
7965.99010987914  3.020015E-17
7969.60819078864  3.518487E-17
7973.22627169815  4.352457E-17
7976.84435260766  3.731903E-17
7980.46243351717  3.711340E-17
7984.08051442668  3.509789E-17
7987.69859533618  3.336462E-17
7991.31667624569  3.251757E-17
7994.9347571552  3.304683E-17
7998.5528380647  2.519021E-17
8002.17091897421  2.793294E-17
8005.78899988372  3.625075E-17
8009.40708079323  4.275362E-17
8013.02516170274  3.842315E-17
8016.64324261224  3.307658E-17
8020.26132352175  3.793852E-17
8023.87940443126  3.095132E-17
8027.49748534077  2.874757E-17
8031.11556625027  2.973269E-17
8034.73364715978  3.399229E-17
8038.35172806929  3.406457E-17
8041.9698089788  2.734288E-17
8045.58788988831  3.129785E-17
8049.20597079781  3.596577E-17
8052.82405170732  3.052441E-17
8056.44213261683  3.162600E-17
8060.06021352634  3.096268E-17
8063.67829443584  2.419706E-17
8067.29637534535  2.548911E-17
8070.91445625486  3.083584E-17
8074.53253716437  3.492991E-17
8078.15061807387  3.542476E-17
8081.76869898338  3.300678E-17
8085.38677989289  3.145240E-17
8089.0048608024  3.165257E-17
8092.62294171191  3.063392E-17
8096.24102262141  2.619963E-17
8099.85910353092  2.579902E-17
8103.47718444043  2.687303E-17
8107.09526534994  2.974987E-17
8110.71334625944  3.507028E-17
8114.33142716895  3.038998E-17
8117.94950807846  2.624195E-17
8121.56758898797  2.692141E-17
8125.18566989747  2.738636E-17
8128.80375080698  2.949655E-17
8132.42183171649  3.060329E-17
8136.039912626  3.363998E-17
8139.6579935355  3.734153E-17
8143.27607444501  3.027843E-17
8146.89415535452  2.198994E-17
8150.51223626403  2.660214E-17
8154.13031717354  3.282655E-17
8157.74839808304  3.248534E-17
8161.36647899255  2.800326E-17
8164.98455990206  2.596552E-17
8168.60264081157  2.634928E-17
8172.22072172108  2.638620E-17
8175.83880263058  3.019485E-17
8179.45688354009  3.172874E-17
8183.0749644496  2.798696E-17
8186.6930453591  2.374082E-17
8190.31112626861  3.230481E-17
8193.92920717812  3.193187E-17
8197.54728808763  2.494869E-17
8201.16536899713  2.744376E-17
8204.78344990664  3.019063E-17
8208.40153081615  2.951231E-17
8212.01961172566  3.014470E-17
8215.63769263517  2.953245E-17
8219.25577354467  2.662211E-17
8222.87385445418  2.722679E-17
8226.49193536369  3.049370E-17
8230.1100162732  3.303618E-17
8233.72809718271  2.454313E-17
8237.34617809221  2.352041E-17
8240.96425900172  2.613120E-17
8244.58233991123  3.831814E-17
8248.20042082074  2.649364E-17
8251.81850173025  2.541655E-17
8255.43658263975  2.017682E-17
