886.5  11.3  99    99      99    99     12.34 0.13  99    99   
888.6  13.4  99    99      99    99     12.18 0.09  99    99   
890.9  15.7  12.40 0.15    12.17 0.05   12.12 0.10  99    99   
891.9  16.7  12.46 0.1     12.28 0.1    12.34 0.13  99    99   
898.6  23.4  12.66 0.03    12.41 0.01   12.26 0.01  12.17 0.05 
903.5  28.3  12.87 0.03    12.58 0.007  12.38 0.01  12.14 0.01 
904.5  29.3  13.10 0.03    12.63 0.015  12.41 0.01  12.16 0.01 
907.8  32.6  13.17 0.04    12.81 0.04   12.48 0.03  99    99   
908.4  33.2  13.23 0.03    12.78 0.015  12.50 0.02  12.25 0.015
909.4  34.2  13.26 0.03    12.81 0.01   12.55 0.01  12.27 0.01 
911.4  36.2  13.43 0.04    12.93 0.01   12.64 0.01  12.29 0.01 
913.5  38.3  99    99      13.00 0.01   12.68 0.01  99    99   
915.5  40.3  13.60 0.03    13.10 0.05   12.75 0.12  12.42 0.09 
917.5  42.3  13.73 0.045   13.14 0.007  12.79 0.01  12.49 0.01 
923.5  48.3  14.03 0.035   13.39 0.007  12.99 0.01  12.67 0.01 
927.4  52.2  14.21 0.05    13.54 0.01   13.11 0.02  12.80 0.012
931.5  56.3  14.38 0.03    13.65 0.012  13.22 0.01  12.88 0.011
939.5  64.3  14.72 0.03    13.94 0.014  13.42 0.01  13.04 0.01 
947.5  72.3  15.15 0.05    14.38 0.008  13.76 0.01  13.36 0.01 
949.5  74.3  15.30 0.04    14.56 0.011  13.93 0.01  13.53 0.01 
951.5  76.3  15.46 0.03    14.78 0.01   14.11 0.01  13.71 0.01 
968.6  93.4  16.06 0.04    15.37 0.03   14.64 0.03  14.22 0.02 
972.8  97.6  16.22 0.06    15.65 0.06   15.04 0.04  14.50 0.03 
974.5  99.3  16.55 0.042   15.88 0.02   15.07 0.02  14.62 0.013
995.5  120.3 16.76 0.035   16.17 0.02   15.28 0.02  14.96 0.05 
999.4  124.2 16.90 0.05    16.30 0.055  15.30 0.06  15.10 0.025
1000.5 125.3 16.85 0.03    16.14 0.05   15.35 0.02  15.10 0.04 
1021.5 146.3 17.29 0.09    16.64 0.12   15.67 0.04  15.53 0.05 
